1
115
10 67 47 13 99 33 2 95 65 16 6 72 75 115 105 12 46 27 62 15 91 69 5 77 111 52 85 53 79 92 90 108 82 20 26 4 44 18 102 19 71 45 103 64 48 21 40 37 42 28 41 66 58 86 17 100 36 39 63 50 57 96 94 38 114 23 43 49 51 35 88 112 54 78 30 14 56 68 9 70 76 73 106 113 74 22 60 98 1 81 34 59 101 87 29 55 61 3 31 109 110 83 80 93 84 25 8 107 97 24 89 11 7 32 104
40 19 25 30 52 8 27 69 44 100 48 36 78 3 80 6 90 68 41 9 2 29 15 105 47 51 12 102 49 60 4 66 26 99 104 81 96 33 38 20 107 82 87 114 113 14 95 86 74 34 22 61 35 65 76 89 39 111 71 98 63 55 84 58 37 62 5 43 31 103 93 109 24 1 45 75 83 72 79 28 13 57 91 94 101 106 53 92 18 108 10 7 77 88 32 11 85 50 42 56 23 21 70 112 110 73 59 67 64 54 17 115 97 16 46
75 114 89 2 22 48 115 63 35 91 88 19 70 100 84 50 85 37 64 58 29 13 6 20 90 16 11 72 56 39 112 7 96 34 40 76 74 68 17 41 106 102 69 113 54 26 93 62 98 45 57 83 108 55 87 33 47 51 36 28 104 46 14 101 60 43 99 12 32 67 44 78 15 27 9 110 5 111 82 52 107 109 80 49 61 79 30 65 103 38 24 77 66 95 3 8 21 59 42 94 31 1 10 86 53 4 81 25 71 18 105 73 97 92 23
12 43 9 90 65 14 85 107 23 98 103 26 69 34 63 114 101 83 109 41 19 93 6 64 33 76 50 86 108 57 79 30 42 18 31 91 84 82 97 8 100 16 70 21 77 92 2 87 106 78 15 68 55 36 35 37 49 115 61 67 71 22 102 29 5 59 96 53 3 104 10 44 110 99 95 47 38 4 24 94 60 32 105 39 73 81 62 112 111 11 56 80 88 45 1 54 7 46 72 13 58 113 74 51 27 48 75 89 40 20 25 52 17 66 28
81 33 58 2 60 89 80 20 31 69 59 68 56 90 78 54 18 13 34 24 83 51 6 17 16 62 15 27 21 49 96 74 7 36 77 93 108 39 99 114 112 10 26 115 14 64 53 70 102 50 109 76 113 91 9 44 84 88 86 57 65 75 104 100 48 61 19 103 67 111 42 73 37 11 101 32 40 55 3 41 28 23 4 43 92 45 66 52 79 35 82 71 25 94 107 1 8 63 98 97 110 46 72 47 105 12 85 22 95 87 5 29 38 106 30
53 65 12 22 98 37 30 50 63 51 62 81 18 31 20 85 79 80 43 23 3 87 75 8 56 84 91 38 21 42 27 60 99 102 89 68 106 24 5 70 55 72 66 48 32 52 29 54 77 34 35 114 100 57 96 28 76 47 16 33 104 88 113 92 41 110 58 45 73 36 94 101 19 15 67 1 115 112 83 49 64 107 26 82 105 46 44 17 6 4 74 14 86 11 59 71 93 69 78 108 90 95 61 9 103 7 10 2 97 25 39 111 109 13 40
91 53 9 5 22 47 77 75 26 44 94 88 38 39 80 6 102 106 64 21 107 10 14 67 76 72 25 12 113 42 20 63 101 73 82 56 13 29 28 111 34 105 71 41 24 11 57 74 61 115 96 62 32 49 51 100 52 37 7 2 15 69 68 103 36 78 81 27 90 59 112 16 99 54 70 110 89 4 40 83 85 98 43 19 84 104 66 31 58 55 48 1 97 65 95 8 87 108 86 92 23 93 30 60 35 46 109 18 3 114 79 33 50 45 17
81 37 57 102 38 97 10 113 92 26 45 76 51 99 53 79 69 73 25 98 39 14 16 66 85 111 22 93 11 65 88 59 33 50 62 2 87 90 64 108 15 60 68 40 8 58 104 100 75 31 103 27 17 63 19 6 101 21 106 115 74 114 55 109 46 83 34 86 110 67 5 80 52 82 1 29 72 41 78 32 42 89 36 28 12 35 107 71 4 23 56 24 13 77 95 9 44 54 48 96 91 18 70 61 30 84 49 43 94 3 7 105 20 47 112
51 101 54 30 22 112 17 29 80 92 109 35 16 48 82 24 47 66 76 34 93 23 28 68 50 32 3 15 21 89 44 111 99 75 102 37 81 11 97 56 96 2 26 42 19 59 84 72 6 53 65 106 71 27 62 9 78 94 52 13 10 70 60 43 8 108 40 95 61 7 39 103 46 67 55 77 83 38 1 69 12 25 86 33 105 20 91 85 87 4 63 114 100 58 14 98 107 73 110 41 64 113 90 79 57 104 115 49 31 18 88 5 36 45 74
2 24 92 29 11 19 4 25 79 67 85 97 22 109 17 83 75 108 113 42 82 103 26 93 100 98 77 37 20 28 114 78 36 88 8 72 66 21 45 96 95 54 115 47 44 13 15 58 56 27 6 99 61 64 1 33 32 34 74 10 53 76 16 12 31 35 89 110 106 68 30 63 94 69 41 57 111 86 38 9 107 43 90 14 18 48 59 65 52 50 7 39 3 51 80 84 46 91 23 71 102 49 81 62 104 73 105 40 101 70 112 55 60 87 5
22 91 113 4 11 111 65 84 49 40 100 43 41 20 52 58 89 19 88 76 21 3 31 86 44 45 75 115 35 67 114 12 112 17 59 7 72 55 24 107 30 73 6 70 106 48 97 64 34 54 9 96 13 46 60 66 14 83 27 92 23 29 78 80 101 69 53 82 62 103 37 63 33 90 61 104 10 57 71 2 36 8 94 1 95 42 25 109 99 98 18 79 93 16 47 102 68 110 87 85 39 15 105 108 38 32 81 74 51 56 77 5 26 28 50
44 108 47 113 48 51 114 93 107 56 36 72 60 33 90 9 67 20 5 65 50 63 15 99 32 78 14 45 71 98 69 105 3 38 91 29 35 110 25 112 59 42 54 89 103 85 2 95 64 74 73 115 52 27 58 7 26 80 61 97 94 76 96 46 19 57 109 23 82 75 111 88 68 13 41 101 102 8 34 12 28 30 24 21 70 83 39 4 11 31 84 6 104 86 87 22 18 77 40 106 62 79 55 49 43 16 1 81 66 92 17 37 100 10 53
60 69 11 42 66 6 115 49 37 58 63 55 94 97 113 50 87 101 61 17 44 71 48 32 67 86 45 100 85 43 26 76 52 12 105 9 7 40 78 10 72 53 28 1 65 3 25 41 8 111 20 108 88 56 29 73 62 96 99 38 54 23 35 103 98 34 90 2 77 89 14 84 33 95 74 57 91 36 109 81 15 22 46 5 16 59 110 68 30 4 75 79 102 13 21 112 92 27 51 19 114 80 104 64 82 83 70 31 107 18 106 24 39 47 93
22 106 41 39 72 110 18 114 60 53 36 68 103 26 65 5 12 52 38 102 109 90 55 9 91 56 87 6 70 49 57 46 61 85 112 10 44 16 74 11 82 58 83 29 40 64 45 25 19 24 67 14 43 30 59 1 34 66 96 98 8 7 21 84 3 107 101 50 63 42 23 27 105 48 62 79 93 86 104 4 28 108 80 95 54 31 88 81 75 76 97 33 71 73 77 13 92 111 78 99 115 17 94 113 2 15 35 32 47 20 89 37 100 51 69
88 101 7 110 36 1 79 42 34 109 81 19 48 4 83 103 46 92 71 28 108 64 78 115 11 5 73 10 60 113 63 29 114 40 25 3 94 112 90 37 102 65 93 61 26 21 18 31 12 70 84 77 75 30 111 22 107 56 32 35 85 24 2 39 104 13 99 96 38 97 33 86 50 59 6 69 100 95 45 55 98 41 53 67 62 80 9 91 49 68 74 16 8 72 15 14 58 87 44 57 82 54 47 105 43 76 27 106 17 66 20 51 23 89 52
66 40 108 75 57 47 50 81 38 41 83 31 43 67 111 32 44 104 89 53 7 3 34 52 27 77 106 103 79 115 60 22 4 63 45 90 94 9 49 18 19 56 97 98 51 112 25 64 33 46 6 101 36 62 82 12 17 92 113 71 20 91 30 39 109 84 105 114 93 10 11 26 14 1 86 80 85 96 74 68 72 16 5 8 102 23 55 59 42 24 37 73 88 21 100 15 2 107 58 48 13 110 70 29 28 99 78 61 76 69 65 87 95 35 54
8 89 98 29 71 24 62 3 103 61 110 101 27 14 22 57 90 67 37 76 79 87 96 26 84 74 21 53 99 9 16 114 28 18 83 59 109 54 2 46 94 63 91 50 88 10 36 100 95 33 80 30 48 66 34 92 72 25 15 106 44 115 77 70 81 20 69 97 12 41 7 82 1 40 5 107 75 111 113 13 39 68 108 86 43 4 23 32 17 31 55 45 6 35 38 93 105 49 104 64 102 65 56 52 58 51 85 78 73 47 19 60 112 42 11
33 68 67 32 96 76 113 115 56 73 104 58 10 11 100 89 97 4 13 16 91 57 95 36 92 30 2 34 110 78 71 55 65 28 41 98 105 37 20 94 8 21 48 49 38 90 12 83 3 108 79 40 39 45 23 17 29 46 86 25 43 44 66 103 18 101 63 87 74 106 99 14 70 47 102 88 72 62 27 84 59 6 22 112 54 19 1 50 107 80 7 51 53 9 5 69 75 109 81 82 35 77 64 111 114 52 24 60 61 31 93 26 85 42 15
103 40 73 107 89 29 12 62 96 112 104 26 63 54 109 90 58 65 22 51 37 101 86 84 75 55 11 32 78 28 59 108 93 31 110 60 74 44 105 42 23 27 67 39 4 43 72 30 8 95 3 34 6 69 21 61 57 76 115 106 88 35 114 80 15 18 45 77 25 13 14 92 7 5 94 68 19 82 46 36 99 53 47 98 10 64 71 70 56 52 1 102 113 49 83 38 66 2 81 24 20 9 91 33 48 16 79 97 50 87 100 17 85 41 111
84 86 55 11 51 34 54 7 93 32 49 105 80 9 85 104 90 89 36 58 48 27 95 47 42 29 92 81 66 10 41 50 109 97 106 28 40 82 16 57 69 74 31 14 21 72 99 22 20 76 6 112 110 59 94 75 98 87 35 24 23 63 46 113 17 45 79 91 25 102 18 114 30 77 62 68 64 26 19 100 67 61 1 88 2 39 108 52 65 101 3 37 8 96 83 56 4 12 13 73 38 5 103 15 33 71 107 53 60 111 44 78 43 115 70
83 17 91 78 76 43 107 68 105 24 6 102 54 88 48 42 75 82 92 38 63 87 35 62 73 13 65 79 114 99 23 61 47 84 95 52 71 40 103 8 29 22 112 5 4 60 46 69 26 89 111 64 51 12 20 85 80 77 59 70 44 37 41 74 100 104 27 101 36 15 96 67 21 34 30 31 56 45 108 7 16 1 14 90 3 109 98 10 39 58 25 94 93 66 18 9 50 19 81 33 86 97 2 32 49 55 53 106 115 57 113 110 72 11 28
63 4 8 2 102 5 71 84 65 33 85 23 6 21 27 10 12 20 66 41 92 108 112 43 7 30 3 19 96 110 46 113 13 26 40 106 101 45 70 50 58 59 107 64 93 24 54 82 94 68 48 36 18 42 28 15 39 31 77 104 61 69 22 86 38 97 103 57 115 105 88 109 9 98 25 37 32 87 60 83 1 73 29 81 53 16 56 78 55 49 114 14 34 74 67 17 35 99 51 80 47 52 111 95 72 89 11 44 91 62 79 90 75 76 100
103 39 33 94 10 98 110 5 104 15 16 76 78 47 57 17 65 11 25 26 112 43 36 85 56 109 81 93 73 113 71 68 89 74 13 115 37 52 96 42 77 97 58 28 50 24 1 40 22 2 66 102 35 18 31 70 34 55 9 4 61 48 8 72 3 88 27 86 38 45 101 106 60 59 105 69 19 54 84 114 91 46 82 30 80 41 83 29 79 23 20 100 87 49 107 99 90 7 75 95 111 44 51 63 67 32 21 12 108 62 6 64 14 53 92
6 23 111 67 12 20 112 60 24 84 26 99 42 62 43 71 32 46 57 58 48 10 40 47 44 113 107 17 98 5 109 8 114 15 108 115 49 92 90 7 52 51 73 25 4 69 76 88 36 91 59 1 68 94 22 2 55 101 97 31 100 78 82 81 45 39 63 13 64 95 74 66 21 29 65 61 102 56 11 18 9 87 30 77 96 105 33 53 85 19 50 41 80 106 16 37 72 104 14 93 89 27 54 83 70 103 110 3 34 38 79 86 35 28 75
100 83 23 17 68 64 25 50 46 76 106 58 63 95 81 97 20 88 13 9 38 92 14 86 104 69 41 55 48 19 6 29 75 101 99 77 53 44 1 7 51 26 49 60 59 96 37 74 12 11 18 30 42 109 40 39 107 115 65 84 47 43 110 111 87 21 90 66 108 61 78 82 89 80 62 85 52 94 113 103 35 34 4 31 45 112 57 36 102 8 22 2 33 28 71 70 54 105 79 32 72 16 15 27 56 114 3 67 93 91 73 98 5 24 10
59 90 94 25 31 110 20 111 73 97 85 1 92 14 37 45 75 41 55 5 4 24 84 79 62 39 106 83 113 89 23 88 30 71 105 70 72 12 101 46 107 47 2 15 61 22 114 58 10 74 81 51 28 96 95 17 64 65 42 54 9 18 63 26 35 115 48 13 21 50 60 69 102 11 68 44 77 6 56 100 16 27 109 66 112 93 33 53 7 87 82 57 32 19 40 8 49 52 78 43 34 67 38 3 103 76 36 99 104 29 108 86 98 91 80
31 74 88 13 12 34 33 76 28 94 79 3 63 66 102 21 95 113 70 68 64 69 35 91 60 114 22 55 40 109 25 115 96 17 104 2 42 107 29 81 57 85 82 59 14 43 84 44 83 62 23 67 1 20 53 41 87 73 89 72 98 10 11 30 39 50 36 112 111 93 61 48 27 15 6 32 26 8 99 37 45 78 7 52 24 56 101 110 80 105 58 5 51 4 54 18 75 92 97 108 65 38 19 90 16 9 77 49 100 103 47 106 71 86 46
40 5 111 75 72 7 97 74 58 45 28 38 79 57 19 4 107 55 81 66 80 104 54 6 21 50 69 105 35 113 95 16 24 44 63 26 108 78 103 41 91 114 89 110 90 56 14 67 102 39 33 59 3 71 99 42 25 36 87 62 29 61 27 70 18 93 32 13 10 53 101 46 86 2 49 52 76 112 23 1 30 82 60 43 22 73 98 68 15 100 64 115 85 11 84 47 20 37 12 83 31 9 34 94 92 48 106 17 109 8 88 51 77 96 65
44 86 30 111 92 9 71 55 57 54 82 58 105 37 5 106 98 67 53 87 114 46 22 108 66 21 14 42 20 93 94 29 88 1 104 84 41 38 112 10 26 25 68 12 78 18 3 60 65 89 34 109 15 50 83 8 91 62 77 2 97 96 33 56 36 59 43 19 81 73 11 102 95 101 17 99 40 7 23 39 90 79 85 35 45 61 48 75 6 28 51 27 72 113 103 24 115 47 31 13 107 4 64 52 63 74 80 110 16 100 70 49 32 69 76
11 35 27 22 4 59 83 13 82 103 10 76 30 85 79 67 94 58 108 29 110 92 6 69 8 1 18 101 45 81 24 95 56 98 28 86 63 48 38 52 15 21 46 37 100 31 74 68 105 72 66 57 71 12 39 43 5 102 33 84 23 87 42 51 50 112 96 60 88 75 2 107 41 7 20 115 3 99 53 90 14 34 91 93 113 73 49 65 80 70 54 55 61 32 109 64 26 36 78 89 25 17 104 62 77 19 106 97 44 111 40 114 9 47 16
31 111 24 57 48 16 51 62 53 33 64 14 39 69 20 13 94 22 18 65 55 84 86 21 104 60 34 89 7 32 40 110 8 12 11 115 95 72 19 1 76 36 91 17 112 26 37 70 35 47 90 73 44 92 41 103 114 106 27 77 105 23 28 56 75 107 50 42 6 54 71 29 93 4 63 74 79 5 68 88 52 98 10 82 45 101 59 100 96 30 109 9 87 83 97 99 49 3 81 15 113 67 43 61 80 108 78 2 66 102 25 58 85 46 38
30 1 41 89 93 63 75 82 95 61 109 23 35 13 112 33 90 48 18 11 42 7 55 87 15 24 67 28 8 40 50 4 76 85 45 70 103 72 53 57 78 96 106 58 3 12 71 10 111 99 27 19 101 36 47 91 84 83 68 107 98 86 54 38 104 16 113 9 29 94 80 6 52 17 37 64 34 79 110 92 2 108 59 25 65 114 69 21 56 14 20 115 77 22 5 81 43 60 88 31 51 97 105 102 49 100 26 46 39 44 62 66 32 73 74
24 93 17 51 6 54 89 73 114 62 64 67 41 102 76 40 103 1 16 108 78 86 96 35 46 113 63 97 52 22 26 45 70 90 14 72 104 92 50 69 21 82 109 74 9 88 85 53 2 100 61 19 31 5 79 32 29 44 58 110 20 15 42 95 106 34 12 13 47 39 18 10 98 23 105 3 84 83 37 38 48 87 28 107 25 66 60 111 112 43 99 65 4 55 27 91 75 8 56 71 30 33 11 36 57 68 101 115 59 80 49 77 94 7 81
12 51 99 81 15 112 26 77 44 11 25 115 92 110 1 13 36 28 101 58 67 89 96 5 3 95 97 39 83 32 103 17 111 85 42 63 80 55 4 22 7 72 2 61 79 37 30 108 35 87 98 86 34 91 65 62 60 88 19 46 94 114 49 74 38 48 50 100 56 23 113 70 40 8 106 47 71 52 9 21 73 16 45 31 109 59 27 90 57 66 20 93 84 6 64 78 76 104 102 53 82 24 75 54 68 105 29 14 18 41 107 10 33 43 69
54 106 65 79 113 73 51 21 83 1 36 85 14 4 71 38 114 53 40 110 3 94 67 101 44 45 49 115 107 66 87 68 18 41 99 88 98 60 80 90 102 56 72 34 64 46 43 82 55 52 78 100 2 23 103 9 32 33 35 42 112 95 48 105 91 75 39 20 108 111 47 109 19 74 6 5 57 84 15 86 16 8 93 10 63 62 7 59 12 104 69 96 28 97 76 25 61 37 11 31 50 89 92 58 13 27 29 77 26 24 70 22 30 17 81
97 112 66 31 95 1 27 55 81 101 10 25 19 108 96 74 85 42 58 102 109 54 61 79 2 86 52 115 17 28 44 49 105 5 6 84 12 23 29 39 16 104 83 62 94 18 92 46 20 64 107 15 30 99 40 8 68 63 4 76 24 38 73 7 100 72 60 91 22 47 103 50 48 26 43 93 88 32 51 110 33 53 21 59 89 14 41 67 65 45 71 87 78 75 13 34 36 111 70 35 106 80 57 82 9 90 69 114 113 56 77 98 11 3 37
102 53 69 96 43 94 61 54 45 72 93 8 51 104 1 65 73 97 11 64 19 100 35 77 20 58 27 107 33 46 111 31 49 82 60 83 87 59 44 99 14 115 86 109 23 63 47 28 22 74 80 39 42 101 9 52 68 10 41 7 34 98 62 50 16 66 71 13 3 55 15 79 30 36 89 84 110 85 21 81 29 48 24 25 108 2 92 70 112 67 6 106 12 75 40 91 114 17 90 57 32 113 4 18 76 88 26 5 103 56 78 95 38 37 105
53 100 103 61 14 83 9 60 51 3 65 8 46 15 32 36 54 47 40 45 86 66 2 28 88 29 13 38 31 94 97 23 71 74 73 115 43 35 42 104 39 77 59 67 25 64 70 72 50 68 78 111 52 56 12 26 11 55 37 95 96 24 90 76 57 112 101 69 93 20 27 41 102 106 6 44 79 84 99 92 105 48 22 18 19 82 21 16 87 80 109 114 110 75 30 58 10 62 107 34 113 33 1 108 81 4 63 85 98 49 91 17 5 7 89
51 112 88 44 69 61 91 7 103 48 28 62 23 16 30 115 113 33 102 95 76 24 29 96 26 57 8 82 3 79 70 22 10 67 14 1 81 111 11 47 55 75 42 89 56 93 20 6 5 32 19 17 78 97 27 66 83 12 114 46 34 25 73 54 94 60 31 105 106 84 100 85 9 80 87 77 65 90 35 21 58 15 38 39 74 108 50 104 53 107 41 68 49 4 36 98 109 110 18 101 13 43 37 86 45 64 72 59 52 99 40 2 92 63 71
58 26 66 54 31 62 103 29 44 84 48 14 10 32 11 50 13 71 69 60 107 82 47 70 16 17 1 115 6 25 89 34 52 19 85 38 56 57 33 99 55 36 49 97 91 30 88 102 35 28 65 79 80 12 20 112 21 114 3 64 42 68 9 63 95 73 22 108 83 105 74 37 2 40 77 61 78 5 39 53 67 41 111 7 104 106 81 24 87 59 45 109 27 76 4 98 23 92 96 110 43 113 15 100 93 72 51 18 8 94 75 46 101 90 86
107 84 86 101 96 66 25 5 7 97 53 26 37 42 4 81 30 95 60 31 24 89 19 58 83 29 54 9 75 2 14 94 3 100 72 79 34 74 51 82 63 45 8 12 108 1 28 65 32 99 102 43 110 98 77 61 56 104 90 50 57 40 69 62 18 27 70 33 17 59 15 44 46 112 73 106 91 115 10 49 13 68 80 88 105 71 64 38 39 6 35 47 55 109 52 23 87 48 113 21 11 36 114 85 78 76 67 93 111 16 20 41 103 22 92
24 42 64 90 108 12 115 2 87 71 56 4 98 68 10 77 7 15 55 106 13 38 105 60 17 27 88 97 19 6 49 44 62 82 72 54 63 114 1 8 3 101 21 20 37 23 14 11 99 36 29 96 61 34 33 69 103 46 9 78 111 31 83 75 51 91 5 104 16 84 43 58 113 59 85 94 41 39 110 95 65 45 109 18 48 66 70 86 74 52 76 81 73 26 107 28 25 47 93 30 80 57 112 92 102 53 89 67 100 40 32 50 35 79 22
88 56 15 50 44 62 99 104 67 74 11 48 12 49 64 41 13 38 111 86 85 5 57 106 4 81 19 43 30 77 20 69 3 55 105 79 76 37 2 98 21 28 10 52 91 89 22 9 72 18 92 109 51 60 39 71 63 87 95 101 112 8 26 110 29 27 23 83 107 73 14 24 36 46 17 70 45 100 113 93 108 115 66 68 6 102 96 114 25 54 82 16 33 53 59 90 32 94 1 34 7 47 84 103 80 31 40 42 35 97 61 58 78 75 65
79 32 38 8 57 29 63 100 69 113 20 27 76 15 103 30 51 86 53 88 35 77 54 89 36 6 92 40 16 12 95 39 19 83 109 65 61 48 114 41 9 17 108 82 60 68 22 43 28 59 56 99 101 24 47 14 72 110 112 97 34 46 87 80 62 45 66 91 81 23 7 94 58 111 107 37 67 104 2 5 84 78 70 13 42 55 1 98 31 4 50 64 85 74 105 71 96 115 75 25 18 11 33 106 102 90 3 93 73 44 49 26 10 52 21
28 100 103 101 104 72 13 113 109 32 92 15 62 105 24 1 83 61 42 112 56 86 14 16 43 96 71 9 39 4 90 73 89 7 20 74 84 46 77 78 27 19 34 53 75 47 65 91 95 18 10 3 60 80 51 82 58 33 12 81 102 11 111 55 45 30 87 88 107 31 85 8 108 99 5 17 115 37 25 44 70 114 50 22 106 2 68 40 48 6 21 110 64 63 69 97 29 26 59 41 49 66 54 93 98 38 57 36 76 52 35 79 23 94 67
51 44 102 65 64 113 5 37 47 101 49 69 66 84 13 35 109 89 98 42 52 73 3 43 95 14 81 77 48 114 74 22 83 112 4 88 92 21 87 75 1 93 19 63 86 106 2 16 61 23 99 103 31 45 57 33 90 24 108 71 17 10 78 94 67 76 46 20 25 59 53 104 30 82 70 55 96 91 15 50 60 11 8 111 18 9 12 41 56 107 26 36 28 58 100 29 105 7 40 80 54 27 110 68 85 72 38 97 62 6 32 34 115 79 39
34 75 25 49 39 33 29 23 53 8 69 88 72 2 21 110 30 108 67 109 10 62 35 5 54 9 66 22 41 113 51 3 115 65 98 81 52 57 13 96 82 1 103 45 105 59 101 64 38 7 107 93 20 4 97 44 92 43 106 56 11 114 48 42 95 112 78 70 46 79 27 104 61 36 84 86 47 60 87 73 74 94 55 99 19 100 6 26 102 63 77 90 15 17 28 50 83 111 31 40 24 68 12 76 14 16 32 80 58 91 71 85 89 18 37
50 37 105 77 4 1 106 91 101 81 24 11 92 87 33 79 26 88 58 15 68 115 57 62 27 95 43 65 35 46 99 31 42 71 30 96 72 36 74 85 13 70 16 45 100 41 66 109 7 10 89 60 47 6 111 113 69 84 44 61 59 107 19 67 39 3 104 8 21 78 93 94 40 75 18 110 55 29 28 56 17 48 52 12 54 90 76 98 102 49 114 51 9 38 103 64 53 34 5 14 23 112 22 80 32 97 86 83 20 73 63 82 25 108 2
37 54 106 53 80 9 103 64 10 66 45 102 93 92 33 49 95 3 29 63 17 55 72 70 23 26 2 32 47 34 111 65 61 77 30 46 104 7 13 101 56 75 16 114 105 84 43 69 90 27 115 60 76 25 85 68 31 4 88 59 21 15 14 38 112 79 86 99 81 98 96 35 39 71 22 40 113 52 89 48 28 57 94 11 41 50 6 8 20 19 82 12 109 58 73 51 83 110 44 62 18 107 87 5 1 42 78 36 100 67 91 108 24 74 97
109 93 110 13 113 29 91 100 94 47 68 8 37 38 78 27 76 11 17 90 60 55 77 6 65 53 40 69 86 66 67 39 101 114 25 21 18 62 26 92 71 105 80 50 112 74 57 87 48 104 41 73 79 106 35 97 9 32 59 54 10 52 16 15 111 34 22 82 81 1 95 75 31 4 49 43 23 72 70 83 58 7 103 44 84 46 14 33 61 64 99 51 107 24 12 30 19 2 45 115 56 63 20 89 5 36 102 28 98 96 42 3 85 108 88
96 25 19 13 57 48 107 72 38 84 85 71 110 62 79 105 44 34 52 76 97 66 88 78 5 99 36 91 11 47 80 42 112 46 63 82 45 26 56 61 103 23 21 64 114 17 68 109 31 2 55 115 67 81 39 18 77 102 15 104 74 54 111 28 89 14 35 12 90 32 53 59 75 37 65 8 50 100 41 1 3 106 22 101 93 87 27 7 86 20 83 4 33 98 30 29 113 40 60 16 6 69 43 70 94 24 108 51 92 9 49 73 95 58 10
62 115 35 105 85 6 30 100 67 97 103 25 65 10 42 79 101 113 18 54 43 40 22 77 3 64 88 47 7 110 44 72 45 12 20 16 49 73 31 28 111 21 41 92 34 60 8 38 55 66 94 56 11 81 82 61 13 90 52 112 24 57 93 2 32 51 48 1 106 74 70 33 4 36 63 109 50 75 104 19 78 89 86 39 46 69 80 68 98 27 114 108 58 37 76 83 26 107 95 71 99 84 53 15 23 91 102 59 96 17 9 87 29 5 14
78 65 34 113 37 55 17 25 101 64 72 88 12 102 111 108 52 115 40 80 28 46 92 30 57 11 66 21 90 14 84 33 27 63 85 73 82 4 54 51 112 87 106 6 70 13 22 86 23 79 114 26 41 103 36 9 19 69 75 104 35 74 109 16 76 42 47 1 15 100 81 68 8 31 3 58 49 99 32 53 48 61 107 98 67 94 38 7 29 97 95 77 18 59 93 5 56 89 60 24 91 20 43 83 110 44 105 10 45 96 71 50 39 2 62
39 111 93 45 60 49 35 9 57 75 105 56 115 61 16 21 48 28 4 74 109 5 37 80 101 50 30 113 32 12 86 97 11 107 42 54 112 2 85 69 26 65 63 41 103 29 72 46 33 64 88 18 87 95 52 81 47 44 13 102 114 25 98 53 100 14 27 90 78 84 8 66 34 31 94 58 70 59 77 10 6 17 99 106 79 83 20 51 96 43 89 23 68 71 55 24 40 92 91 108 22 82 104 3 110 7 36 38 62 19 1 76 73 15 67
21 20 88 79 47 8 107 10 25 48 65 96 54 94 73 13 76 59 84 46 11 109 18 60 111 36 90 66 37 110 27 16 67 44 2 93 26 91 12 81 17 72 101 71 61 56 6 112 87 9 83 50 70 99 108 53 22 52 51 89 78 69 41 106 98 82 34 104 39 63 7 31 100 23 57 77 15 40 86 49 95 3 38 105 1 97 5 68 80 85 115 92 42 103 4 45 14 24 75 64 114 113 102 58 29 35 19 32 33 74 30 62 55 28 43
13 33 94 24 57 6 95 27 19 62 104 113 56 12 8 32 87 20 41 9 5 96 18 112 79 78 71 7 97 73 22 48 88 60 54 89 76 98 70 52 58 85 90 103 81 34 29 51 55 65 83 42 23 3 110 75 35 86 100 45 11 59 115 107 64 72 39 1 114 15 2 102 30 25 47 17 38 67 16 106 92 44 49 14 28 101 53 74 4 80 26 77 82 61 109 99 84 111 21 105 93 91 68 43 40 63 108 46 10 36 50 69 37 31 66
40 111 106 4 60 27 46 18 52 20 38 113 92 34 83 69 93 36 3 89 48 67 14 74 109 98 17 84 77 51 32 45 21 37 57 63 16 97 65 102 101 11 53 68 33 22 28 23 103 6 61 107 87 58 26 30 88 5 31 24 41 9 78 7 96 62 104 42 76 114 81 8 25 95 56 75 94 49 105 66 85 29 55 90 10 110 70 54 80 39 112 15 115 72 50 99 35 44 2 79 1 19 82 59 47 100 108 12 86 43 64 91 71 13 73
105 97 101 53 30 64 68 15 103 33 82 92 43 6 7 32 40 11 14 74 20 49 80 104 83 66 72 37 8 3 108 67 112 99 56 5 95 4 12 109 113 9 52 23 38 79 51 62 36 93 55 41 10 39 17 78 85 98 73 22 29 21 75 60 84 111 48 13 69 44 46 42 31 61 114 65 28 26 86 45 87 94 115 102 25 100 88 63 34 16 90 19 77 50 18 58 76 2 71 57 91 110 1 89 96 81 54 47 27 106 35 24 59 70 107
42 53 45 5 68 69 65 66 58 13 77 28 96 51 102 67 3 24 22 16 54 30 89 94 36 17 85 79 31 62 8 73 71 64 92 15 106 44 26 81 2 18 32 84 38 110 83 78 108 82 39 46 43 56 11 1 115 47 107 72 35 52 109 112 20 25 113 61 55 57 75 95 14 101 6 93 87 104 97 103 48 50 19 10 9 105 63 80 21 27 91 88 12 99 70 29 4 114 37 76 40 41 98 60 111 90 23 74 49 34 7 59 100 86 33
97 4 109 11 86 3 17 9 22 113 20 89 73 10 85 71 67 21 23 103 26 31 92 81 106 12 65 59 80 111 43 16 99 60 54 87 68 36 95 44 77 112 114 33 28 94 75 91 41 56 107 46 8 34 35 58 45 57 6 63 90 25 37 102 70 42 108 66 72 64 53 50 7 13 61 27 5 52 96 105 32 74 76 78 14 51 39 100 79 38 47 82 48 15 29 84 2 104 88 98 49 101 40 62 110 55 24 1 30 93 115 83 69 19 18
106 98 63 14 39 54 22 30 80 13 69 64 4 53 34 33 110 48 38 87 96 24 85 61 9 75 36 12 8 76 93 49 104 92 51 43 94 17 27 105 111 29 20 11 102 21 35 62 59 42 3 103 47 83 71 15 10 109 57 52 74 101 90 41 28 95 55 45 23 73 77 1 6 32 86 60 5 7 99 37 66 70 84 16 56 25 31 2 108 113 18 112 115 91 26 81 65 72 50 46 44 67 19 68 40 79 82 58 97 100 89 114 107 78 88
99 22 34 3 46 67 9 51 93 37 94 95 103 47 80 88 42 97 15 5 6 66 57 52 106 73 110 27 33 59 109 40 49 31 8 112 53 62 60 48 41 78 71 113 20 83 28 23 100 36 11 86 81 35 44 90 50 102 101 29 4 79 63 74 55 65 105 96 2 70 111 84 85 92 13 61 107 24 21 72 115 54 58 32 19 10 108 64 30 68 98 104 14 82 77 91 12 17 56 114 43 89 38 18 69 76 75 87 25 16 39 1 7 45 26
20 40 43 60 52 66 7 33 22 70 6 39 2 47 79 31 41 42 63 8 26 92 102 28 80 17 87 64 75 91 71 105 55 77 111 112 49 95 30 82 23 13 1 65 34 48 97 90 14 94 18 11 46 101 21 5 83 106 99 3 12 38 62 78 76 67 109 72 35 93 108 115 56 32 37 58 24 104 88 113 85 61 81 54 36 9 114 53 27 16 50 89 51 19 84 25 110 86 107 98 103 10 29 73 69 45 15 44 57 59 4 96 74 68 100
113 20 38 29 31 72 85 98 93 18 15 24 84 60 36 23 41 8 51 90 83 55 95 74 91 109 5 22 16 111 42 52 104 39 50 57 28 66 102 35 86 59 7 99 30 88 12 19 56 53 58 37 96 34 82 49 115 14 80 61 92 63 108 68 97 47 2 62 46 4 44 64 78 114 48 81 110 6 103 106 77 9 21 45 17 25 54 26 79 101 100 107 10 40 71 32 69 112 89 11 65 73 76 33 67 94 3 43 87 27 1 70 75 13 105
103 18 87 47 82 8 101 89 105 97 45 9 51 95 69 12 37 98 54 66 58 99 102 24 68 57 6 1 21 26 2 13 62 22 85 112 63 94 111 74 14 41 27 36 19 75 30 92 50 5 91 83 81 60 107 88 106 16 77 108 59 35 28 34 4 84 67 70 48 65 109 7 76 32 86 78 42 52 56 33 20 29 17 15 49 64 93 25 90 40 46 10 44 39 73 61 115 3 23 104 38 43 114 71 113 96 72 80 110 55 100 31 79 53 11
13 64 4 51 50 115 76 90 39 89 12 70 27 41 32 99 29 81 113 78 23 71 24 49 57 48 17 82 65 63 102 77 98 59 56 36 55 22 92 60 69 44 25 37 105 66 96 68 3 1 87 21 58 101 74 20 35 94 103 72 46 62 73 112 83 10 42 2 80 88 31 97 84 111 114 9 79 110 108 11 104 38 5 106 75 45 53 8 19 107 16 26 61 54 33 91 14 47 93 67 95 109 6 86 30 40 15 100 7 85 52 34 18 43 28
115 66 114 108 96 35 65 84 40 74 81 27 14 29 28 101 92 59 70 104 47 94 77 49 1 50 16 111 12 8 19 68 30 38 85 5 56 82 32 75 33 62 7 63 52 78 109 73 44 17 3 26 100 67 15 83 51 45 24 105 57 37 4 39 11 88 25 64 95 31 41 76 102 10 20 53 13 79 99 90 2 106 18 60 61 22 107 43 72 54 113 69 55 86 98 42 34 9 87 36 46 97 21 91 112 48 71 93 110 23 6 103 58 80 89
84 90 29 95 112 93 110 92 21 98 30 91 108 13 106 32 49 69 105 47 23 22 44 17 53 76 83 96 25 100 48 77 45 5 51 27 68 16 99 101 7 85 88 34 37 61 87 3 18 11 89 111 14 65 58 15 20 52 102 94 42 107 72 40 8 57 75 35 60 43 63 104 66 10 54 80 19 26 64 114 74 59 67 86 46 38 9 41 6 4 113 33 1 71 103 62 109 2 78 70 82 73 81 50 36 39 28 12 55 31 56 24 115 79 97
12 93 68 19 24 81 62 29 32 23 108 107 91 77 115 17 15 72 98 30 69 8 45 99 56 46 95 42 65 33 34 109 86 84 96 44 63 54 102 13 110 51 43 49 74 106 79 114 55 80 9 20 22 27 97 4 50 111 28 64 36 88 59 73 101 31 66 113 78 6 11 100 10 1 82 35 75 3 61 52 76 67 83 57 87 40 58 104 53 2 41 5 105 39 47 26 37 94 48 25 103 38 16 89 71 18 60 85 112 21 92 14 7 90 70
67 108 105 60 61 49 10 23 30 42 48 50 93 18 109 96 39 11 70 83 6 98 75 28 56 90 97 17 68 77 78 84 36 13 47 44 73 106 82 14 34 16 64 63 76 37 51 94 102 81 95 62 110 24 107 111 88 53 71 114 85 65 115 69 92 72 46 26 99 12 27 58 103 35 25 38 52 54 41 74 100 55 29 3 2 87 89 32 45 22 1 21 9 66 91 43 59 20 101 79 8 7 5 104 112 31 86 40 80 57 33 113 15 19 4
3 34 114 47 53 107 26 76 92 67 54 112 22 38 78 5 77 48 12 42 7 84 25 63 70 33 52 41 31 86 35 21 62 98 101 28 18 29 44 91 55 110 1 59 82 15 99 20 68 45 64 69 46 36 6 71 88 96 93 79 8 56 16 24 80 102 37 95 87 11 4 73 89 27 61 75 30 104 10 39 19 109 106 66 97 94 103 90 43 13 113 49 50 32 17 72 2 85 100 115 83 81 23 105 58 57 65 51 74 60 40 111 14 9 108
35 90 33 49 55 43 8 23 64 10 111 56 12 97 13 17 26 65 95 94 104 67 60 30 53 39 108 24 5 106 69 114 41 98 83 87 109 115 51 84 6 68 20 59 81 61 92 19 63 96 4 77 86 27 18 79 78 70 93 80 58 47 16 25 50 21 101 71 91 76 3 99 14 9 112 15 7 36 37 42 74 46 110 100 32 62 1 11 88 73 82 57 38 72 107 31 40 102 52 105 22 89 28 2 34 113 85 29 48 44 54 75 66 103 45
22 77 36 2 86 33 97 107 94 112 74 46 98 11 19 93 85 106 62 87 20 61 109 95 55 108 100 43 25 104 18 52 29 65 9 79 66 114 67 42 111 80 41 32 101 102 76 96 73 92 78 30 15 10 35 60 72 58 53 82 88 71 83 13 50 8 84 75 115 34 89 7 39 70 64 81 105 26 103 31 45 63 91 44 51 90 3 110 4 54 37 23 24 21 14 57 6 113 5 69 68 1 48 49 12 40 16 27 59 28 47 38 17 99 56
22 93 48 18 82 79 97 7 50 25 32 109 100 74 101 56 5 62 63 13 40 59 17 88 14 45 31 103 28 84 113 4 16 46 36 75 19 70 69 108 52 99 15 47 30 78 115 35 8 26 37 58 94 6 67 95 104 53 1 87 41 65 98 57 68 51 29 23 60 55 111 107 43 90 85 71 110 2 76 77 24 10 66 38 81 12 44 27 96 9 72 89 20 54 106 114 86 112 3 80 61 83 34 21 105 64 102 92 42 11 33 39 73 49 91
26 73 20 13 2 90 51 104 7 109 1 105 28 32 77 36 111 17 106 81 16 115 29 11 100 37 40 15 95 103 12 83 74 112 64 14 42 34 101 92 99 38 47 84 80 93 62 27 54 82 33 50 97 102 60 59 76 69 53 71 70 19 45 6 61 57 21 46 10 78 25 88 41 55 96 72 63 43 18 22 67 110 39 30 56 4 87 68 113 108 98 52 49 9 86 89 24 75 94 44 66 48 23 31 3 5 58 91 114 65 79 8 85 35 107
106 32 64 45 63 108 57 23 104 2 6 78 49 13 55 10 76 71 60 91 86 65 93 20 112 3 17 31 39 58 42 48 7 28 1 87 72 69 75 24 44 97 110 18 73 51 83 107 66 102 100 85 4 99 92 25 52 77 53 15 90 35 81 46 56 19 62 61 11 95 82 8 22 109 101 68 12 33 5 79 36 111 38 16 27 34 50 14 74 67 80 115 41 21 59 105 84 96 103 70 114 40 98 113 29 89 94 37 88 43 54 26 30 47 9
15 10 55 76 80 14 30 25 88 53 81 32 103 92 13 104 62 102 96 45 22 41 27 109 9 56 26 20 5 79 100 115 51 70 83 65 24 16 23 71 35 74 94 4 29 52 40 106 64 72 110 90 95 89 99 48 86 54 19 37 1 73 2 77 11 28 85 68 61 46 39 47 17 7 93 113 49 98 42 44 105 111 58 50 12 6 18 21 36 87 78 57 3 108 91 101 75 63 114 8 34 60 66 67 33 31 69 43 97 84 59 107 82 112 38
75 23 79 53 36 52 50 27 97 57 17 33 26 39 61 9 55 44 83 40 48 99 49 67 8 2 69 94 108 1 109 72 93 95 107 34 38 71 106 113 22 104 96 56 43 47 87 111 76 102 54 65 16 64 59 82 92 29 63 78 60 114 12 88 35 14 74 11 3 10 42 30 31 5 19 45 58 25 13 4 89 70 46 91 15 41 32 110 103 7 115 20 18 80 62 98 100 90 68 6 86 28 66 101 51 24 85 77 81 37 112 105 73 84 21
106 90 115 10 69 56 42 55 35 80 54 7 4 50 19 16 25 9 5 63 58 57 64 95 34 28 108 38 103 104 24 49 85 15 73 110 84 51 88 109 107 105 86 94 2 77 101 111 3 89 96 29 32 82 6 30 27 81 26 67 52 68 8 70 59 83 100 33 22 12 53 91 62 11 17 36 92 60 43 87 65 20 39 71 46 41 40 93 114 72 98 79 66 18 76 61 75 23 14 97 113 112 31 45 78 21 99 44 13 47 74 37 102 1 48
32 114 61 1 97 80 60 9 107 44 26 111 59 96 90 39 57 52 82 17 7 95 40 110 10 105 51 98 33 109 30 41 84 112 100 38 31 79 49 36 5 19 16 12 62 50 6 55 108 14 99 88 35 67 70 4 47 102 56 54 65 34 75 2 46 27 81 83 45 21 113 94 43 42 103 13 66 89 73 71 53 11 15 91 104 86 25 22 115 48 8 69 58 37 20 63 77 101 24 18 72 93 87 29 23 85 76 74 92 78 106 64 68 28 3
72 41 49 35 61 26 24 69 98 83 65 36 15 91 68 33 7 52 114 113 53 92 54 71 12 43 64 62 32 84 45 21 17 6 110 3 22 112 63 14 13 19 115 109 1 18 39 38 75 4 106 77 95 40 57 30 46 8 99 20 80 93 44 103 55 87 37 76 86 81 51 102 23 100 10 90 59 48 16 5 34 94 56 31 101 67 11 50 89 42 9 28 25 107 73 78 88 85 66 29 97 111 79 105 96 108 47 82 74 60 104 58 2 27 70
108 9 77 91 4 73 83 20 114 2 34 11 94 5 68 79 72 61 53 35 109 111 1 86 55 82 23 12 113 71 19 6 80 62 3 50 103 16 66 107 39 88 59 104 45 26 87 67 102 38 96 31 52 101 51 29 115 8 65 41 32 84 37 63 44 105 76 64 25 30 75 112 49 95 81 10 33 90 24 42 7 92 93 54 85 17 98 21 43 100 14 70 74 97 40 60 99 28 18 106 78 57 46 89 22 56 110 69 58 27 47 36 13 15 48
95 89 113 25 15 105 18 4 17 29 55 69 30 33 106 2 22 19 76 34 68 59 73 43 3 109 83 38 31 13 37 27 26 63 110 77 58 70 45 35 8 11 96 85 42 114 102 23 65 9 56 14 20 49 6 94 52 41 93 90 28 91 99 78 48 1 21 54 44 60 67 104 32 62 64 100 5 24 84 82 88 57 92 12 10 72 108 47 101 74 86 16 107 39 111 36 51 71 66 40 87 75 61 46 112 7 115 81 103 98 79 53 80 97 50
80 100 29 113 67 17 109 64 60 111 46 97 3 63 26 50 104 1 12 34 44 33 99 68 105 42 7 8 13 41 88 11 58 69 77 45 108 92 73 23 25 48 87 49 54 20 47 62 89 101 91 79 10 66 78 30 98 38 75 28 39 65 74 24 93 96 114 18 5 31 16 22 59 43 14 4 106 61 102 19 53 76 110 2 40 56 94 51 107 72 85 55 95 84 9 71 37 21 115 90 15 103 83 81 32 35 112 57 36 27 70 82 52 86 6
65 103 38 24 77 66 53 28 110 79 11 57 19 25 111 32 26 86 113 61 72 87 105 67 23 44 104 33 31 68 80 98 43 39 42 12 17 82 46 84 81 41 47 48 14 109 8 59 63 114 99 101 95 40 10 78 69 51 29 27 35 108 107 52 94 34 16 54 106 102 49 89 93 21 36 97 90 3 20 5 30 7 70 73 76 18 100 85 37 50 22 88 62 6 74 58 71 96 15 56 13 91 1 2 55 112 92 83 75 60 115 4 45 9 64
56 96 88 114 69 110 66 103 75 81 21 109 78 25 32 90 49 42 41 61 37 100 115 44 68 16 106 108 107 40 94 10 45 51 2 112 60 28 36 65 30 67 31 93 52 22 62 54 59 47 13 104 79 87 26 48 20 27 73 80 7 101 97 9 70 55 64 33 92 18 3 98 95 11 38 102 105 12 99 6 4 71 23 72 74 63 14 82 113 43 17 89 8 57 15 46 35 91 76 83 19 85 29 1 50 111 77 34 86 84 58 24 39 53 5
38 66 57 70 98 55 28 40 61 65 59 80 16 4 91 2 81 86 73 20 103 24 45 26 60 27 1 58 22 56 109 100 35 101 67 47 23 18 69 96 5 68 36 11 10 19 110 44 76 83 79 74 9 78 37 77 7 21 46 113 39 50 84 49 92 41 72 29 111 53 102 43 99 93 15 6 112 62 32 31 17 14 51 42 34 90 97 89 33 3 52 75 107 85 115 104 30 114 108 63 8 94 13 82 48 87 54 88 71 25 12 64 106 95 105
35 10 87 2 65 27 18 70 37 80 60 33 43 89 100 103 12 46 67 51 42 99 3 101 90 88 109 39 44 74 84 25 41 106 77 17 73 94 54 21 26 1 108 110 75 86 49 96 58 102 6 79 7 105 16 40 113 83 92 107 57 8 9 81 30 22 59 31 78 98 85 71 5 23 93 48 53 50 24 63 72 82 64 66 91 34 52 47 29 19 14 20 104 112 32 114 36 115 76 11 4 61 38 56 45 62 13 28 15 68 95 111 69 55 97
30 42 94 46 60 93 25 66 101 15 115 28 26 104 8 114 88 47 48 24 84 78 79 29 37 111 5 52 77 107 85 113 3 110 50 106 34 22 74 105 65 11 31 71 1 9 87 14 56 108 49 54 76 55 51 89 61 13 102 63 80 40 98 82 90 2 99 43 4 58 21 23 53 92 10 81 44 86 36 100 72 91 19 68 35 64 7 45 20 12 32 41 70 57 112 39 33 38 59 6 69 67 75 17 109 27 103 73 18 96 83 95 62 16 97
15 105 103 16 22 109 26 55 76 101 108 30 41 71 113 48 72 34 89 68 79 52 17 59 45 42 70 87 38 23 90 37 74 104 111 63 9 57 88 102 18 115 6 5 84 54 50 77 8 58 81 61 107 12 92 44 56 94 112 3 114 53 67 83 27 106 78 66 32 99 69 29 21 110 82 73 86 60 80 91 11 100 10 24 97 51 25 75 35 93 40 28 98 36 96 4 33 14 95 47 1 49 85 19 46 64 20 7 62 39 65 2 13 31 43
26 84 101 85 90 105 93 43 115 83 99 12 50 48 76 17 78 104 87 77 37 25 21 51 23 42 33 8 52 114 15 86 100 9 36 57 39 55 98 75 60 66 58 40 30 111 16 54 95 96 18 73 103 4 62 41 69 110 107 20 24 112 108 45 106 46 27 59 53 72 91 31 80 13 67 74 38 3 88 61 65 102 34 5 82 7 32 109 70 92 14 79 68 1 113 64 49 2 94 97 47 63 22 28 19 71 10 6 89 56 81 29 44 11 35
90 9 101 86 6 113 55 26 35 57 111 19 64 76 50 79 59 47 83 72 106 48 115 39 96 71 68 75 78 30 108 32 89 80 5 81 49 13 54 17 15 45 31 92 58 95 38 21 98 28 103 14 43 46 107 114 74 73 109 27 3 85 10 40 66 36 91 41 84 42 97 105 88 4 87 65 24 99 37 110 34 1 12 60 44 51 70 18 53 25 77 104 93 56 11 7 102 82 69 61 112 23 29 16 52 2 100 67 8 33 20 94 63 62 22
104 50 39 88 106 102 59 101 80 69 22 45 54 85 46 56 93 109 42 73 58 44 103 98 115 20 8 92 90 91 64 76 113 68 3 62 7 33 19 43 6 61 11 24 96 49 10 36 70 57 110 52 28 2 15 65 63 71 27 29 105 108 9 60 17 112 77 13 40 53 25 100 41 67 111 95 26 74 51 72 81 23 38 114 16 48 35 79 99 83 18 34 75 5 21 37 30 4 87 31 55 82 78 14 47 86 89 84 94 107 97 32 1 66 12
64 55 8 69 9 43 68 17 91 93 11 19 45 82 83 40 89 26 51 77 79 13 76 74 65 114 3 39 22 111 42 104 30 87 47 81 66 92 99 72 109 108 105 57 101 36 110 33 102 31 18 14 7 38 98 34 90 107 15 96 32 103 97 52 50 58 20 41 94 1 46 54 113 4 28 85 86 59 2 78 25 49 61 88 29 60 23 115 112 24 71 70 27 63 21 80 56 53 35 106 44 5 12 37 62 48 10 100 67 84 75 16 73 95 6
67 98 36 75 102 115 99 24 58 101 55 35 61 50 42 83 46 91 81 27 34 92 80 114 53 57 8 96 77 13 43 1 74 72 14 85 47 84 107 49 110 68 87 19 3 48 20 66 60 106 40 73 71 95 4 11 56 79 6 10 37 25 54 113 94 105 17 52 28 86 69 97 93 88 45 18 70 9 89 59 62 41 26 23 109 16 31 21 32 90 76 108 103 78 100 82 64 5 33 38 15 104 12 111 65 44 63 39 7 2 112 29 30 51 22
28 72 73 96 109 61 111 7 31 54 47 65 57 18 69 77 70 8 4 106 9 115 6 26 101 38 93 95 58 10 20 112 110 88 74 92 41 67 76 75 84 35 63 1 104 56 23 99 68 107 80 97 98 43 55 71 64 86 12 87 36 79 105 39 52 62 60 34 51 42 90 25 40 59 29 78 48 50 21 85 100 33 103 15 13 108 11 30 49 53 5 83 17 22 2 45 81 91 46 37 19 89 24 113 82 102 27 66 32 114 14 16 94 3 44
24 79 80 81 102 14 96 93 34 45 68 40 19 52 67 50 97 90 2 46 23 47 31 15 94 69 88 98 75 11 82 61 44 27 111 35 53 107 112 22 77 38 103 74 7 55 9 56 59 109 30 6 73 36 5 51 100 104 87 114 49 58 108 25 85 20 86 3 84 70 72 106 83 21 99 110 13 41 8 64 113 65 54 33 12 89 28 60 105 57 37 115 10 92 17 101 18 26 78 76 32 63 39 43 1 48 95 91 29 62 66 71 16 4 42
84 12 111 38 56 22 113 101 17 44 4 64 76 27 5 105 70 31 48 51 99 37 80 103 39 104 81 52 20 23 106 2 61 89 83 34 115 30 63 21 47 73 74 95 15 1 71 109 10 6 88 19 107 75 62 79 98 60 7 93 9 50 25 46 96 110 97 91 77 45 36 66 65 90 67 3 85 108 72 100 24 13 78 32 26 29 18 35 112 92 11 57 54 42 114 40 28 94 86 53 68 8 69 55 102 14 82 33 16 58 41 87 59 49 43
100 30 77 88 2 97 68 24 49 34 38 31 81 32 64 17 37 35 91 21 47 94 70 76 1 69 66 71 3 39 108 102 111 45 4 12 106 13 109 98 74 16 103 46 78 27 89 9 83 67 65 44 7 99 58 112 72 57 14 55 75 82 63 61 50 23 62 85 80 79 33 5 95 18 73 25 48 54 105 10 115 6 43 52 28 113 19 40 114 29 8 104 20 22 107 90 53 110 86 42 59 11 101 84 56 41 96 60 15 92 87 51 36 26 93
32 46 57 89 24 45 35 16 99 71 109 88 102 96 93 37 28 12 66 64 78 86 85 10 27 91 65 83 59 13 94 114 98 74 80 62 68 7 77 23 44 33 21 84 20 41 110 115 81 63 43 14 111 26 53 56 82 48 73 100 87 4 72 107 50 55 1 105 3 95 49 31 30 39 113 9 38 22 90 40 11 42 47 18 92 108 104 2 17 112 101 79 67 61 19 15 29 106 103 60 34 6 76 97 5 54 25 69 58 70 36 8 75 52 51
77 21 40 88 71 91 80 96 85 25 109 56 24 114 87 73 86 66 70 75 55 89 52 38 45 110 7 8 78 104 19 43 105 59 51 100 12 20 28 102 9 42 101 107 50 72 82 93 5 112 57 58 13 36 81 4 111 2 108 79 39 37 31 65 32 94 95 15 62 61 10 69 47 34 53 76 113 106 22 30 23 103 3 99 17 49 115 97 11 14 74 68 98 48 1 60 6 29 44 16 18 54 46 90 41 92 27 84 67 63 64 83 33 26 35
30 22 3 36 74 105 77 42 48 31 97 2 87 110 60 25 59 39 94 41 10 99 11 34 23 37 1 95 100 4 57 12 24 44 91 55 101 26 13 114 76 18 88 33 45 54 38 80 63 20 82 27 51 21 78 40 6 102 47 46 43 115 5 53 58 29 62 73 84 83 32 69 72 107 71 75 7 15 85 106 35 8 16 14 111 98 70 68 104 86 65 19 93 66 113 17 50 9 61 52 79 90 92 49 56 64 103 89 28 112 67 96 108 109 81
68 53 104 110 98 41 54 13 33 32 112 61 49 44 45 23 80 34 77 92 83 62 89 59 86 15 51 65 71 76 7 82 84 14 66 105 48 26 97 11 63 2 70 40 87 28 20 96 37 58 69 31 107 79 4 88 43 38 102 18 106 93 56 24 101 113 72 25 6 67 16 95 21 3 42 85 60 30 9 39 47 108 46 19 55 90 94 10 29 81 50 100 35 1 64 111 109 57 27 36 103 99 75 12 74 91 73 52 78 114 17 5 115 8 22
106 11 35 65 17 113 18 84 25 91 83 21 72 88 8 15 47 87 57 114 102 46 108 7 95 105 3 77 73 40 111 110 12 36 70 33 6 100 20 39 31 14 56 24 4 78 74 68 69 58 42 98 44 16 76 34 38 66 96 19 103 63 97 29 55 75 22 99 27 51 53 10 13 50 52 93 89 28 67 41 112 37 94 64 61 62 26 60 30 1 115 80 32 43 79 49 54 90 82 48 86 81 85 45 9 101 107 92 5 59 71 23 104 109 2
69 14 13 4 1 101 57 26 46 56 58 43 44 107 95 76 22 67 111 20 12 114 31 106 85 8 78 54 68 28 64 113 47 52 110 51 17 87 5 73 89 32 102 55 38 21 36 112 50 66 79 27 88 49 24 83 42 108 2 98 86 29 103 65 62 39 6 60 94 61 15 92 104 90 23 80 109 30 97 11 84 96 10 100 7 3 48 75 41 53 63 70 9 115 16 18 34 45 33 37 71 40 93 105 72 35 19 59 91 77 25 99 81 82 74
38 18 63 85 87 88 55 29 82 61 95 22 50 48 40 59 16 103 7 115 94 33 93 53 101 114 43 34 31 3 66 65 97 27 30 111 42 69 37 36 81 39 24 14 98 1 5 54 15 113 109 108 78 106 9 86 26 70 46 8 49 19 91 71 25 73 79 21 68 56 17 52 112 76 105 100 75 84 20 2 90 89 102 57 4 92 72 83 110 6 60 41 104 35 99 47 23 80 58 28 74 44 10 77 51 12 32 13 45 107 62 96 67 64 11
74 40 68 8 51 89 72 13 91 44 56 30 87 48 55 25 93 99 17 20 115 39 69 63 70 75 104 64 41 59 92 80 95 77 29 66 97 61 32 67 49 62 78 6 23 114 34 28 112 73 94 54 98 19 110 90 18 111 71 36 103 31 43 46 10 106 47 81 79 108 16 50 11 60 52 4 2 82 26 113 53 5 3 105 109 96 35 101 100 37 15 84 85 88 42 1 7 33 9 102 12 76 21 38 83 65 24 107 86 14 45 22 57 27 58
111 51 28 98 87 19 77 46 23 29 11 22 113 50 91 34 93 40 5 115 27 44 85 61 54 6 8 66 79 18 9 114 45 92 58 42 53 107 20 1 68 21 47 86 43 104 74 96 70 90 15 102 65 30 73 49 64 101 94 7 13 36 57 55 95 31 10 97 37 32 88 81 67 12 41 4 24 62 38 78 33 14 52 89 35 110 80 76 16 63 84 26 17 48 106 103 60 112 82 56 105 108 83 109 3 99 75 25 2 71 100 69 59 39 72
108 43 107 37 86 92 57 1 25 70 111 21 79 59 45 2 28 84 64 44 20 100 49 81 12 75 41 85 61 17 56 110 54 65 33 16 39 63 88 47 96 14 101 77 32 82 55 7 13 60 78 29 73 40 11 9 36 95 76 52 6 22 105 34 30 42 83 103 90 98 97 62 68 10 15 46 91 93 38 114 69 27 24 58 4 19 8 115 94 99 106 112 113 5 89 26 104 31 18 72 23 71 67 80 51 50 66 35 3 48 109 102 87 53 74
57 64 66 58 93 6 29 88 3 65 45 40 44 83 28 63 7 49 1 32 30 17 94 97 112 9 72 4 96 67 95 110 79 100 74 46 31 113 8 24 81 114 2 90 39 89 26 23 38 60 54 20 115 48 84 25 106 68 35 33 71 22 103 16 37 80 104 13 50 55 61 101 5 52 98 91 76 34 42 18 86 87 10 78 15 73 14 82 77 102 56 75 105 107 109 62 85 11 92 41 21 12 111 51 27 47 69 43 36 108 59 99 53 19 70
105 34 42 30 68 103 104 62 66 75 44 76 33 61 52 12 78 95 4 85 3 112 29 115 72 96 110 108 38 24 13 15 36 99 31 53 69 41 58 8 56 25 10 26 39 71 16 83 48 70 79 35 113 6 19 43 102 51 22 98 114 65 106 45 77 54 28 7 109 97 2 46 89 63 49 5 50 80 20 21 88 60 18 84 93 107 82 64 1 90 32 40 9 74 23 57 55 94 81 37 73 86 91 14 87 101 92 47 11 59 100 67 27 17 111
98 30 113 67 115 110 41 31 49 4 21 109 25 18 84 95 108 78 63 45 29 6 47 69 32 44 87 89 43 60 23 103 76 94 100 65 54 101 1 97 36 55 105 50 64 46 106 51 91 37 93 104 52 83 99 24 8 15 38 35 3 111 13 42 107 10 48 56 53 96 19 5 58 34 62 82 57 20 77 92 9 73 17 39 102 66 22 90 27 81 33 88 79 12 114 86 85 40 11 2 74 71 70 59 26 28 75 7 80 61 72 16 14 112 68
22 53 18 64 91 36 73 28 102 100 19 30 79 61 59 98 2 87 46 48 33 6 4 14 101 52 92 74 20 8 99 94 17 107 106 82 9 77 67 13 110 39 37 85 25 21 90 65 45 111 63 11 95 62 109 26 51 50 34 40 60 15 114 115 81 84 16 55 29 32 35 44 76 12 47 69 104 54 103 49 70 10 24 5 27 112 83 93 56 72 113 1 41 7 43 38 108 88 86 96 42 58 78 23 31 97 3 80 66 75 71 105 68 57 89
63 38 15 106 91 27 47 45 12 72 75 9 5 70 51 50 105 1 80 4 82 113 61 33 52 23 13 100 107 43 41 77 103 39 112 3 7 21 10 109 59 94 32 99 93 55 81 101 76 35 102 16 88 29 64 49 28 56 97 78 104 67 92 20 25 84 114 73 71 68 14 62 19 40 2 8 96 58 89 54 111 69 115 74 90 46 110 31 6 26 42 95 108 17 22 36 57 87 79 44 86 18 30 48 98 85 60 66 53 34 24 37 65 83 11
89 16 101 84 97 27 41 5 112 48 17 14 70 80 77 40 68 35 88 82 104 25 98 108 4 85 69 20 23 99 66 114 109 79 7 44 21 96 31 64 87 74 90 67 32 61 111 39 73 62 38 107 29 26 81 75 13 102 59 56 106 54 19 33 58 12 2 83 46 91 78 76 9 1 94 115 93 45 110 51 113 28 30 105 72 57 50 53 34 11 24 92 22 60 63 8 100 43 42 52 49 95 47 37 36 86 65 71 18 15 3 55 10 103 6
50 67 68 54 89 106 6 66 79 30 22 41 82 73 69 94 61 20 1 58 21 48 104 62 4 13 88 86 38 59 3 16 9 28 14 11 97 19 52 55 39 56 96 93 83 8 85 81 72 98 31 34 80 101 12 24 26 91 47 99 10 33 44 95 113 102 18 36 35 92 64 53 29 65 78 107 84 32 2 114 15 49 74 27 25 110 7 51 60 76 100 37 103 75 111 42 115 5 23 17 112 57 77 90 45 109 63 46 40 71 70 43 105 87 108
34 108 72 65 58 82 92 52 75 17 46 101 21 22 26 9 31 90 105 109 93 47 110 35 100 23 29 43 62 97 57 66 95 16 24 86 113 63 40 94 87 6 5 83 56 55 18 32 104 54 64 37 50 112 80 103 2 102 61 85 84 81 33 59 8 39 38 44 3 89 12 73 53 68 76 88 71 19 98 27 114 45 67 14 70 25 4 60 49 106 48 51 115 69 20 111 41 10 13 77 28 11 99 36 15 107 96 91 42 79 7 74 1 78 30
40 101 110 10 13 19 93 80 38 68 55 56 45 107 71 78 82 43 102 60 52 94 88 72 48 57 98 89 22 79 109 47 86 84 4 105 28 62 96 59 41 91 65 77 18 103 3 32 14 69 39 58 87 49 31 24 114 81 73 6 74 67 35 2 76 26 66 54 53 27 21 83 115 8 113 7 99 34 75 112 36 11 63 37 33 15 51 25 50 29 85 108 106 90 97 42 30 9 111 64 12 44 5 20 104 46 16 1 61 95 92 23 70 100 17
47 14 2 13 95 84 73 88 66 9 20 108 78 86 107 82 75 67 46 62 109 10 22 6 11 40 31 15 50 21 29 90 99 61 38 41 52 71 63 23 51 55 85 26 80 65 49 30 104 17 102 110 28 42 48 39 100 113 4 89 1 58 94 12 111 35 115 87 81 45 101 96 70 59 19 83 32 103 91 69 53 16 34 3 57 79 76 93 68 33 44 72 74 106 5 105 92 37 25 24 64 8 98 56 77 27 43 112 7 97 36 18 114 60 54
33 101 111 10 61 85 22 35 5 8 80 107 110 54 20 83 100 76 56 15 49 9 37 78 40 93 65 13 62 34 109 97 72 84 114 64 43 41 29 36 73 112 57 45 66 14 28 58 88 86 102 23 104 67 21 60 50 95 74 2 91 75 17 4 79 11 42 7 3 47 70 94 77 25 69 105 26 113 48 108 19 16 81 31 89 90 32 1 55 96 68 53 92 27 46 99 44 24 71 52 30 106 63 6 103 12 38 98 51 82 115 18 59 87 39
76 37 41 51 86 8 10 34 63 114 42 107 89 17 70 84 97 80 50 44 92 110 29 94 106 16 60 98 25 108 56 58 3 22 115 72 74 73 30 85 49 59 45 33 69 83 99 52 15 65 28 24 55 111 21 11 93 68 53 57 18 66 82 38 9 75 2 91 23 105 5 71 77 14 1 78 32 43 26 47 46 81 13 31 64 112 39 36 40 48 7 87 101 102 95 100 54 27 62 20 61 4 12 79 103 19 88 6 109 35 67 113 90 104 96
56 14 16 22 27 33 26 48 37 40 35 71 101 36 47 102 66 59 108 70 98 93 34 68 65 10 46 44 25 86 87 73 55 31 50 4 62 41 49 52 104 85 6 2 32 45 79 61 51 9 103 109 43 78 5 1 67 28 54 74 90 17 75 80 12 112 29 83 23 42 58 15 72 8 89 106 11 99 115 81 76 95 113 100 105 24 63 53 110 60 92 64 114 20 13 84 38 77 7 88 91 57 21 111 39 96 19 69 18 3 94 97 107 82 30
9 75 109 92 73 61 35 79 12 89 62 36 107 103 19 88 81 48 67 115 20 63 98 46 86 76 84 72 43 16 11 24 114 85 99 97 87 15 90 10 25 3 2 1 108 21 42 13 28 50 8 45 55 26 106 51 14 49 93 17 47 5 59 74 41 64 29 53 57 23 58 80 65 104 38 56 30 102 101 91 22 111 37 60 4 34 39 110 40 82 83 54 71 77 6 94 100 44 52 18 95 7 27 105 66 33 113 96 69 32 70 68 31 112 78
62 107 3 52 67 102 90 81 80 23 9 114 58 33 72 37 76 45 84 91 44 83 113 75 54 97 87 43 78 10 42 105 4 73 24 101 88 16 15 1 47 41 49 63 5 111 99 64 18 46 95 7 21 6 27 34 40 61 103 86 48 69 74 92 68 39 13 98 100 50 31 53 108 79 65 2 56 70 29 82 104 66 35 112 109 94 57 36 59 19 60 20 85 106 77 22 17 32 30 38 93 55 25 14 12 96 11 26 89 51 28 71 8 115 110
9 49 58 86 35 88 75 77 3 67 107 10 91 97 96 48 104 100 102 70 81 31 64 40 59 68 26 19 72 109 50 54 82 7 101 114 105 80 2 14 108 89 95 32 43 52 22 83 94 92 33 99 57 113 17 44 110 74 103 78 37 21 1 61 4 28 98 73 29 15 11 115 60 20 18 112 13 5 111 41 47 76 85 25 84 6 16 69 56 8 27 79 46 39 36 71 53 45 42 38 12 106 55 66 65 62 34 63 90 87 23 30 24 93 51
81 90 71 5 15 34 105 7 106 57 53 68 101 8 83 31 4 64 46 58 75 47 44 76 110 25 1 98 86 16 103 94 69 35 104 82 60 95 43 27 3 112 20 19 97 111 33 50 18 55 77 102 79 12 72 40 80 108 61 93 21 84 52 107 78 22 26 113 85 23 109 49 13 63 114 89 87 100 6 42 73 96 37 9 24 30 67 45 41 32 38 59 66 88 51 74 70 39 56 28 99 115 48 14 54 29 36 62 10 11 2 65 92 17 91
84 28 51 42 93 104 96 107 113 57 19 83 65 56 33 8 23 25 46 34 29 10 50 43 62 35 78 39 82 30 85 94 108 66 7 68 79 74 91 3 102 48 2 49 12 95 76 99 9 22 37 5 103 6 27 55 60 38 20 100 73 52 26 14 115 4 36 106 75 11 41 58 64 80 17 112 24 44 111 15 71 88 92 77 72 61 40 18 89 67 13 86 59 45 105 97 32 69 54 101 90 109 47 1 98 53 70 16 87 31 81 110 114 21 63
84 4 105 79 86 34 71 82 25 77 42 23 108 109 60 12 19 39 59 45 18 99 103 111 97 67 38 3 48 55 63 7 92 17 66 43 94 24 15 100 32 57 85 29 78 20 47 27 52 98 5 62 107 72 88 36 49 80 1 102 26 58 91 101 83 21 61 44 106 14 89 31 96 51 35 54 56 115 90 104 114 70 75 113 93 11 76 112 2 46 95 41 53 87 50 13 68 33 73 40 69 22 74 6 65 64 16 37 10 28 8 30 110 81 9
36 28 114 84 22 85 33 66 57 25 50 78 24 10 1 90 43 55 42 45 87 73 106 53 88 44 105 81 61 5 58 37 91 97 76 108 69 65 49 27 18 39 20 103 51 29 15 17 79 94 9 92 86 21 47 62 107 67 104 89 3 19 32 23 54 95 99 64 112 26 12 6 13 98 16 111 101 63 113 41 34 77 4 71 102 38 60 80 2 83 8 96 52 56 70 11 30 82 110 68 93 74 59 109 72 48 46 75 31 115 7 100 35 40 14
74 88 65 92 85 73 89 27 42 48 111 113 66 17 50 97 32 25 31 37 18 114 61 9 22 108 3 112 84 98 115 93 13 36 34 80 10 46 75 14 38 78 52 5 19 33 39 30 87 91 55 24 63 16 11 2 62 40 90 8 28 101 15 109 69 67 86 95 64 47 81 107 82 45 79 1 106 12 35 83 21 44 94 71 59 43 58 100 29 60 7 96 77 102 51 4 20 56 72 105 57 6 76 49 54 68 99 41 110 23 103 53 104 26 70
62 105 2 97 79 20 24 10 91 108 19 5 80 37 88 107 55 17 85 14 50 39 93 21 94 41 30 28 74 75 45 47 65 32 13 73 59 26 44 68 34 63 95 110 102 66 101 53 40 81 64 61 49 100 90 31 113 112 60 56 72 58 87 86 4 76 29 42 111 8 16 78 12 71 25 18 36 7 103 52 48 54 6 23 89 77 1 82 92 83 106 46 51 70 98 104 57 114 109 69 38 115 67 43 11 9 35 96 99 33 84 22 15 27 3
108 43 25 36 83 52 16 34 105 24 54 38 114 27 68 107 14 67 79 65 96 78 112 8 109 102 86 22 5 82 26 91 77 33 18 97 101 51 48 98 113 19 56 4 73 80 9 104 72 35 11 90 110 106 13 47 39 75 111 6 1 10 63 76 2 32 44 41 45 12 37 66 81 62 71 57 29 100 31 28 103 87 92 69 3 95 85 21 7 53 59 49 88 15 99 70 46 94 30 115 42 74 64 61 40 93 58 89 55 60 20 84 50 23 17
16 63 2 93 12 8 26 78 21 75 86 42 100 74 19 67 13 62 6 98 24 92 99 55 15 27 110 4 58 47 105 46 20 11 30 7 85 1 101 94 28 29 82 36 114 45 91 41 70 102 52 5 97 83 108 66 9 3 112 79 31 49 17 53 39 44 80 84 89 90 51 95 37 48 57 106 43 34 76 77 87 71 109 113 68 61 50 104 107 96 32 111 73 25 33 88 59 18 60 72 81 14 56 54 38 40 103 69 23 64 65 10 22 35 115
23 99 56 42 73 111 112 3 104 67 15 63 90 40 78 69 64 21 70 34 45 110 93 28 39 52 22 89 24 19 103 109 94 13 113 49 55 57 41 81 76 115 16 108 62 5 77 66 37 46 86 36 95 65 1 12 29 82 33 58 92 114 18 71 72 43 106 26 53 35 6 98 10 17 8 100 27 32 84 60 75 38 7 2 54 91 96 68 9 47 61 44 59 20 48 30 50 101 102 4 83 105 85 79 14 31 51 80 97 25 87 107 88 11 74
55 12 17 13 22 2 74 77 110 5 102 27 25 103 1 43 111 101 115 88 64 51 54 48 10 3 109 49 39 81 79 33 41 62 70 59 21 24 45 65 32 57 47 29 42 15 98 4 93 94 112 61 85 28 58 71 82 9 18 96 86 90 67 97 35 6 114 38 108 91 7 60 31 14 68 26 40 11 113 87 72 84 30 78 105 20 66 76 83 99 89 100 75 50 46 37 19 106 69 92 52 44 63 53 104 95 8 73 16 80 23 56 107 36 34
113 67 24 88 6 112 86 27 102 16 53 91 68 10 110 69 22 47 74 101 108 19 75 52 84 29 21 54 62 109 37 95 46 56 114 7 28 35 98 50 13 4 40 60 92 58 14 55 90 41 33 61 105 77 70 87 65 12 25 48 71 15 96 8 51 5 26 9 49 72 2 103 43 106 1 44 66 39 11 81 83 76 63 45 38 73 78 23 97 3 93 59 30 36 99 42 17 107 64 89 18 94 115 104 111 82 32 20 100 31 34 80 85 57 79
61 89 91 94 27 17 33 76 65 96 99 84 51 47 54 113 92 79 31 14 15 69 11 16 4 42 107 85 39 112 29 48 114 10 71 9 22 23 30 62 53 111 72 57 36 104 81 25 60 73 56 55 40 100 41 87 64 2 21 75 59 86 34 50 97 44 58 105 95 7 115 103 46 102 28 70 68 74 67 83 19 66 90 26 45 78 35 24 12 101 109 93 88 108 106 80 3 77 6 5 110 52 63 8 43 38 20 82 32 1 49 13 18 37 98
79 29 53 103 28 108 2 26 12 111 21 15 100 72 57 47 86 49 107 80 40 64 9 87 85 11 24 5 4 30 23 33 51 93 96 92 113 22 109 17 115 89 35 58 112 75 62 16 36 66 14 6 69 56 94 55 8 98 13 61 50 76 102 54 77 82 45 105 59 41 25 42 46 88 65 18 39 52 3 84 83 37 73 7 10 63 70 34 19 1 67 91 78 60 95 68 27 90 110 48 81 104 74 101 106 97 38 71 114 43 99 31 20 32 44
84 12 22 46 5 108 105 100 31 23 43 115 14 73 20 50 34 78 62 72 21 101 91 36 52 48 38 11 28 68 69 6 30 113 39 97 77 63 106 110 15 86 61 29 45 44 1 111 114 40 59 85 109 87 92 19 25 32 83 96 55 9 27 65 35 112 75 54 26 42 104 66 81 16 51 90 79 17 98 33 37 53 13 74 71 95 56 58 88 4 60 7 47 10 93 102 107 64 70 76 24 99 2 49 3 8 94 80 82 18 67 89 41 57 103
3 25 28 27 77 35 51 100 37 107 103 70 65 84 18 111 73 29 41 105 112 102 17 42 5 57 114 64 40 16 47 4 55 109 90 54 32 43 8 113 44 83 2 21 94 62 30 34 92 97 10 9 93 80 98 110 86 82 88 99 49 38 14 31 69 50 12 45 26 61 79 19 6 78 63 67 53 106 52 96 59 46 74 72 104 22 39 108 7 81 115 1 95 36 89 87 56 101 24 91 75 60 85 68 15 71 58 76 48 23 20 13 11 33 66
108 61 27 93 77 112 37 72 94 20 111 85 54 69 5 3 43 2 50 19 58 63 83 45 101 66 87 16 55 67 80 44 15 7 40 90 17 34 29 46 18 57 96 59 99 89 48 102 92 14 8 51 6 71 4 60 97 95 56 35 21 68 10 78 107 42 115 1 110 81 114 75 64 47 103 109 98 12 113 65 82 84 49 100 79 36 41 88 11 74 24 39 13 52 86 9 26 25 38 70 30 73 31 76 53 91 33 106 62 23 28 22 32 105 104
113 61 17 94 90 78 102 49 30 41 8 20 101 92 23 109 69 81 89 55 100 70 65 40 19 80 67 74 36 33 87 103 110 12 2 38 97 107 10 45 6 77 56 104 25 18 22 13 34 52 44 114 93 71 83 51 96 111 3 24 66 42 84 11 50 79 31 75 62 37 73 88 21 108 57 29 35 14 47 43 59 91 9 63 86 1 85 105 15 53 106 48 28 4 60 5 112 76 82 54 39 68 58 27 32 99 7 98 16 72 115 95 26 64 46
34 67 114 102 50 107 42 75 66 115 82 96 38 64 55 18 69 106 5 39 77 10 83 80 65 7 6 16 24 2 94 45 14 70 79 58 113 100 68 101 59 61 35 73 108 33 25 4 51 92 74 54 85 1 40 112 103 9 88 11 27 78 47 52 46 32 49 37 41 56 12 15 109 86 22 76 104 20 97 31 91 21 19 23 60 98 36 95 72 26 111 63 89 87 29 90 30 44 8 84 99 81 17 93 110 3 105 48 62 53 13 28 57 71 43
82 29 79 96 7 77 3 103 55 63 9 73 17 88 102 104 33 31 59 6 42 98 28 15 50 12 85 112 13 38 90 1 14 40 101 111 36 109 43 24 70 75 92 32 64 114 51 110 47 19 87 76 83 27 61 58 26 94 113 89 74 67 107 41 16 60 84 21 22 10 23 56 57 91 72 35 53 52 39 25 18 99 30 49 37 81 100 78 34 108 93 80 115 46 20 65 4 8 68 106 95 71 11 44 97 5 66 105 69 2 48 62 45 86 54
41 24 40 108 89 62 21 49 87 18 47 86 42 55 48 19 80 28 34 31 69 94 71 85 46 14 68 101 102 104 52 82 1 93 12 114 67 6 95 27 78 16 110 96 51 36 15 75 35 7 23 66 29 53 5 50 83 107 100 2 106 90 26 113 91 43 109 112 84 57 88 79 59 76 37 25 32 103 20 74 45 73 98 60 11 65 4 39 56 72 13 99 81 58 10 97 54 92 3 77 33 105 38 115 63 70 30 17 111 64 44 22 8 9 61
73 50 69 32 40 76 110 113 56 8 53 114 82 63 27 100 19 103 61 35 90 2 54 39 107 36 94 26 22 68 41 51 4 45 59 70 46 15 21 87 78 14 71 10 93 55 112 102 62 101 85 64 108 72 12 67 25 80 115 23 34 99 106 79 98 104 30 31 7 28 29 9 84 44 95 57 111 66 24 42 47 43 5 3 89 77 83 33 48 109 97 16 11 49 96 13 38 75 1 92 58 81 65 105 60 52 18 20 17 88 74 6 91 37 86
32 104 108 69 23 60 2 67 45 10 99 95 86 30 73 82 57 91 1 78 15 42 16 37 81 85 113 96 25 33 54 110 72 11 24 26 41 87 70 92 115 71 59 27 50 21 53 9 109 55 58 103 5 13 102 83 14 51 79 34 48 28 75 74 88 106 101 89 62 107 20 63 3 22 76 77 18 64 35 111 43 47 56 46 112 38 94 36 98 39 7 44 80 12 114 68 65 40 84 90 19 97 105 93 8 49 61 52 100 4 29 31 6 17 66
79 97 43 85 111 41 64 90 28 13 45 35 80 8 115 7 26 65 16 71 12 23 92 31 93 44 2 66 48 87 47 91 68 107 98 19 114 108 49 96 88 27 5 34 22 113 59 33 6 55 52 83 99 106 25 4 17 94 29 11 77 21 72 1 67 109 78 62 112 75 76 86 58 10 104 110 70 82 42 37 24 39 38 60 9 84 40 69 30 102 51 36 103 15 14 101 105 20 32 73 18 50 3 57 46 100 95 61 53 56 89 63 81 74 54
93 28 85 54 38 26 5 65 57 104 115 32 37 50 63 30 111 3 78 55 95 64 13 25 70 42 110 41 99 102 108 27 19 44 94 2 4 52 9 22 59 114 39 35 20 76 88 40 10 61 66 106 17 91 100 81 84 11 101 98 14 74 36 47 12 18 96 15 1 71 103 68 24 6 62 49 60 92 82 69 75 7 113 89 109 16 29 56 105 73 77 79 72 8 80 43 21 97 53 67 86 34 51 83 48 31 58 90 33 112 23 46 87 45 107
104 68 39 100 112 29 103 58 7 73 115 16 90 24 77 11 43 64 5 89 9 12 94 4 69 108 2 71 20 51 55 41 66 59 65 10 76 107 49 110 40 57 80 63 52 75 72 35 62 1 13 78 86 114 45 50 96 92 102 42 18 106 113 27 25 19 56 17 61 48 14 79 82 34 85 87 91 26 109 74 37 22 15 99 53 111 60 31 21 105 8 6 44 46 23 47 3 67 95 36 70 33 54 81 83 28 88 38 32 98 84 97 30 101 93
69 6 92 13 43 72 77 36 28 38 70 40 55 93 9 52 60 15 74 99 10 98 41 85 21 11 103 90 50 47 84 61 67 102 31 59 115 54 51 27 58 114 101 80 94 33 71 87 5 109 22 97 48 29 19 16 4 39 95 65 86 34 32 2 44 96 78 91 18 3 12 75 42 17 107 88 81 14 25 82 113 63 83 73 1 105 56 26 111 64 46 53 68 89 8 106 37 76 112 104 79 30 7 110 45 100 62 57 108 49 35 66 23 20 24
75 67 80 14 42 89 113 32 109 18 97 90 71 2 110 28 74 108 19 36 105 41 46 37 17 112 9 69 95 64 84 106 25 20 93 114 52 99 73 27 5 115 63 76 98 66 16 23 13 107 57 78 48 45 12 15 31 10 24 26 47 77 72 111 88 94 83 101 35 68 102 21 70 1 60 38 49 65 30 92 53 56 81 8 43 34 4 40 59 3 61 51 7 54 39 85 6 100 79 86 29 103 22 104 96 55 11 33 44 62 91 50 82 87 58
66 109 39 32 98 73 100 33 53 97 42 12 69 10 47 115 23 15 58 17 36 55 82 9 96 24 103 40 104 80 35 50 26 67 111 70 114 88 86 52 113 72 51 93 45 5 105 2 99 92 95 29 85 60 107 19 8 89 28 81 21 79 4 3 49 6 57 20 48 27 87 59 25 43 76 18 22 68 11 62 78 84 64 44 56 46 106 83 34 31 77 41 71 75 112 108 16 7 101 14 65 74 90 110 63 91 102 1 13 37 30 54 38 94 61
42 105 56 22 99 44 63 7 57 37 73 23 64 26 34 95 70 113 94 104 61 18 60 15 40 91 16 100 41 13 1 102 48 76 68 86 110 79 51 49 66 10 81 24 8 46 78 19 90 109 20 72 3 88 4 82 38 71 80 31 17 52 101 43 5 77 21 84 2 87 114 89 62 111 108 106 6 93 97 65 12 53 107 92 39 98 29 28 75 74 30 67 9 14 83 25 33 35 69 55 103 27 32 58 59 96 50 85 45 115 36 54 11 112 47
59 70 67 108 111 88 28 48 101 69 41 55 44 85 96 92 64 14 38 112 106 113 90 76 5 58 35 73 46 10 68 81 65 3 114 26 87 4 71 86 22 32 75 1 80 30 66 91 39 99 12 94 8 102 61 31 56 84 60 6 97 78 77 37 9 21 51 33 18 82 25 79 54 50 40 52 107 62 47 2 19 15 105 49 89 11 36 16 100 53 27 98 57 13 93 42 23 43 74 7 95 20 115 29 34 24 109 45 72 104 17 103 83 63 110
77 5 73 11 107 97 59 68 32 31 51 22 69 50 100 105 35 92 67 78 87 106 45 56 33 49 86 80 85 57 93 96 91 70 108 90 94 43 38 66 36 79 6 62 21 41 115 16 113 30 114 1 25 65 52 95 76 29 75 111 40 9 74 55 53 13 63 24 19 89 2 18 14 39 61 88 60 34 47 84 82 98 15 102 83 4 72 64 17 71 23 12 26 27 48 99 54 7 44 101 109 103 42 8 37 10 110 112 81 58 28 104 3 20 46
17 104 48 94 66 89 39 114 23 55 80 35 67 27 6 106 1 109 61 56 83 26 69 85 31 64 15 87 112 40 84 95 19 86 70 38 73 97 54 11 52 102 107 49 22 79 20 13 100 44 8 9 50 24 81 101 42 99 96 98 21 90 51 74 60 77 37 7 71 28 3 2 75 30 82 110 18 93 88 32 46 45 10 41 14 76 115 25 78 59 62 113 72 105 43 108 29 4 111 92 53 12 103 33 65 5 16 91 36 34 68 58 63 57 47
17 102 69 22 13 100 98 74 87 70 62 19 16 61 41 6 77 7 83 59 92 89 43 24 28 51 8 23 46 52 107 56 48 31 47 33 3 108 73 32 57 103 65 94 68 44 11 42 30 111 14 80 29 63 91 79 60 21 90 96 37 20 36 97 5 64 1 114 45 81 93 104 25 40 26 12 86 76 55 105 58 84 75 10 34 2 88 85 110 115 101 38 35 99 67 18 27 9 78 4 82 72 71 49 112 109 15 95 113 54 39 106 50 53 66
98 43 114 68 23 30 15 19 22 34 38 24 94 103 21 57 59 99 107 101 29 115 39 77 113 5 71 65 56 2 33 105 1 54 67 49 51 110 66 32 61 106 6 92 74 84 88 40 60 95 14 31 108 69 9 81 16 72 17 53 58 52 93 70 11 28 90 18 46 13 86 97 112 111 80 104 73 20 79 10 64 47 48 42 50 63 55 44 26 78 100 25 76 91 45 109 62 75 85 36 12 82 102 41 83 3 7 87 35 4 27 8 37 96 89
83 8 66 18 94 78 107 39 26 71 51 7 62 82 16 14 10 97 76 70 1 47 44 38 95 105 13 43 81 40 42 34 6 48 74 37 100 41 115 113 85 102 54 98 57 84 111 32 9 33 67 58 28 27 12 63 59 64 80 68 90 109 22 114 93 108 52 106 30 65 103 55 46 31 29 112 104 35 15 77 4 101 73 75 3 36 5 87 45 96 24 17 110 86 2 49 23 25 79 53 89 72 56 61 11 21 92 69 91 20 60 99 88 50 19
106 9 110 38 60 66 50 105 48 35 64 24 32 83 27 55 41 97 54 4 91 104 94 11 57 17 22 43 101 107 67 21 69 36 49 56 78 88 98 108 68 47 70 15 72 109 73 59 90 74 80 62 96 113 12 13 112 10 89 102 63 111 14 25 71 87 53 31 28 100 26 81 61 29 46 44 3 52 79 19 84 86 1 115 45 40 5 99 8 103 2 82 16 75 76 33 20 114 23 51 18 92 34 7 85 77 42 6 37 93 39 95 65 58 30
20 32 37 94 8 51 77 72 85 106 16 6 98 61 53 97 14 95 60 47 93 4 49 104 46 81 35 103 113 68 78 41 27 107 38 108 59 50 54 2 44 9 100 64 109 3 89 114 57 63 88 21 25 29 34 1 82 70 58 42 40 24 55 65 18 67 56 75 102 112 74 31 5 26 13 7 101 43 23 28 79 99 73 15 48 45 19 110 115 22 105 111 17 80 12 69 84 66 11 39 10 76 33 96 30 62 87 86 83 71 92 52 36 90 91
25 77 47 57 114 30 48 80 106 103 36 62 37 31 97 49 23 69 56 99 101 79 38 44 108 78 95 22 21 74 64 61 24 4 27 89 50 54 39 92 13 46 40 84 113 10 60 110 75 58 59 5 34 70 14 111 41 43 32 51 6 109 105 28 107 33 104 72 1 20 88 102 100 98 18 93 45 17 26 15 115 76 11 42 66 87 65 3 2 112 82 29 71 86 19 68 81 91 67 52 85 83 53 73 63 7 16 9 8 55 94 12 35 90 96
64 84 74 27 105 100 60 5 22 83 6 99 47 81 16 94 88 29 91 69 58 11 46 77 35 86 68 113 39 9 97 87 2 67 106 101 1 92 44 50 62 85 54 13 30 15 4 49 103 53 114 70 12 115 51 28 43 108 65 102 104 33 89 31 8 76 111 36 96 75 73 38 20 79 26 80 63 52 107 41 57 25 109 40 71 7 32 72 56 37 78 112 59 34 95 55 21 24 45 23 3 82 110 19 48 61 14 66 10 42 90 17 98 93 18
49 31 20 94 42 37 104 78 108 2 29 68 64 73 34 109 46 97 60 66 58 21 19 70 55 102 82 12 83 50 57 115 3 91 54 74 15 59 71 53 47 4 41 51 1 16 44 107 72 89 80 13 17 27 24 8 48 76 35 33 10 77 65 110 5 40 95 67 25 32 61 30 101 38 96 9 90 36 103 112 43 28 99 62 6 81 98 45 14 85 113 87 22 105 69 111 39 100 52 75 26 93 18 56 88 84 92 23 106 63 114 79 7 86 11
97 77 80 11 5 33 47 78 94 38 9 91 28 31 35 69 67 50 49 114 64 74 92 27 86 63 55 26 82 66 81 23 40 60 59 102 88 18 83 73 90 34 107 84 41 57 52 29 7 46 109 39 51 36 45 71 3 30 43 85 115 95 108 62 70 20 37 103 4 105 56 25 72 48 17 110 8 14 19 15 98 58 89 13 76 65 106 24 99 101 32 61 6 68 10 112 44 113 75 100 104 93 79 42 16 21 54 96 2 53 22 87 1 111 12
47 106 40 22 25 99 64 80 62 50 98 92 103 114 75 112 53 93 42 57 94 18 96 15 5 7 66 35 115 60 48 102 78 87 4 38 61 33 74 101 72 90 77 108 63 34 58 12 13 54 95 27 83 82 17 9 113 52 69 65 104 73 79 97 70 100 110 59 68 55 51 31 76 6 29 105 49 91 2 71 88 20 67 45 3 89 16 43 10 111 109 14 23 8 24 19 107 11 39 41 44 28 56 37 30 32 36 84 21 81 85 1 86 46 26
39 20 4 50 65 19 94 31 115 17 51 44 113 111 53 21 54 97 6 42 62 85 66 77 40 110 38 26 72 103 93 59 45 30 56 79 112 23 55 73 96 114 88 109 98 12 95 82 104 87 71 43 89 41 75 49 48 80 101 64 47 10 90 92 78 9 102 3 1 105 58 2 22 63 68 107 36 86 32 34 57 106 11 16 108 15 100 84 76 69 7 24 74 83 35 52 33 99 28 67 25 46 8 37 61 60 13 14 5 70 29 18 91 27 81
37 111 98 110 103 59 31 89 40 85 3 66 55 102 83 109 11 30 52 94 47 19 22 93 26 84 57 50 112 48 32 68 14 62 61 38 12 81 16 51 104 53 75 46 29 97 65 15 58 78 95 90 36 114 73 79 54 87 60 43 82 9 17 63 80 13 72 25 56 91 76 74 28 99 1 10 67 6 33 41 100 106 96 34 2 88 101 70 115 107 21 64 77 4 42 113 49 71 18 24 8 69 7 23 5 105 108 27 45 86 39 35 44 20 92
96 26 40 92 73 100 82 19 72 110 80 115 113 7 79 75 12 48 70 27 34 1 74 65 24 105 41 68 3 9 61 91 11 55 25 23 38 104 51 2 88 6 90 66 35 54 45 29 10 108 52 32 22 103 93 76 87 85 31 30 50 14 69 56 33 36 111 109 17 8 44 81 99 46 4 67 47 42 77 59 21 15 49 39 106 83 71 62 63 107 64 28 43 18 102 98 94 37 78 95 53 86 112 89 5 114 57 60 101 13 97 16 20 84 58
31 108 41 3 73 104 60 74 57 2 66 29 20 77 32 80 94 27 40 21 81 58 7 75 61 83 47 69 28 43 13 51 71 111 115 86 82 45 36 62 99 113 12 91 59 70 87 25 84 89 93 17 78 96 92 100 90 1 26 39 16 76 64 53 102 18 49 101 54 106 24 22 63 9 65 103 107 95 79 109 37 15 4 42 23 68 19 98 105 33 50 97 67 114 35 11 30 46 112 38 85 14 110 10 56 48 55 8 72 52 5 34 88 44 6
70 51 16 101 43 108 79 66 87 69 54 29 72 48 9 80 96 6 4 34 82 67 92 40 26 22 47 97 21 114 7 61 95 105 53 63 3 90 78 58 49 103 111 1 50 46 71 28 60 64 57 112 36 13 14 88 5 23 12 11 91 56 98 94 25 15 45 81 39 59 37 104 17 31 109 30 100 99 20 110 74 32 8 75 62 42 93 65 77 55 33 18 41 38 10 106 19 27 102 83 86 85 35 113 107 73 24 76 2 44 52 84 115 89 68
71 11 19 24 48 8 78 41 100 7 23 77 95 98 79 26 69 18 112 17 16 9 36 55 49 68 33 72 14 89 85 20 39 27 81 105 44 90 52 46 87 91 82 114 65 56 47 61 51 57 29 97 31 6 64 22 86 102 94 63 115 101 107 80 92 84 45 32 99 59 3 103 12 40 1 30 25 50 93 5 28 54 34 67 53 10 35 60 88 21 38 74 73 111 58 4 42 2 37 15 75 62 109 43 104 110 83 108 13 70 96 106 66 76 113
64 69 73 35 12 76 32 109 111 17 10 96 95 67 27 87 103 72 106 13 104 57 70 31 98 77 4 25 39 36 44 21 75 47 5 62 52 40 101 60 20 55 50 56 82 33 90 42 86 26 34 78 22 16 108 49 115 63 8 113 53 94 19 6 46 1 68 80 81 83 97 93 88 23 100 107 110 15 28 29 79 24 43 91 11 114 112 45 38 66 102 89 74 9 99 48 37 2 51 105 30 65 84 71 58 92 61 54 41 3 85 7 14 59 18
105 49 79 113 103 77 100 23 76 111 112 20 37 48 56 92 15 38 84 18 27 67 12 26 45 44 90 5 99 1 102 11 97 91 87 9 81 41 89 65 7 88 24 70 63 16 17 66 6 59 95 52 78 13 28 4 22 40 25 58 60 94 93 42 64 53 114 72 57 19 31 29 107 75 80 10 106 3 98 101 74 32 61 85 82 14 46 50 115 110 55 54 34 86 30 62 21 33 8 68 39 96 35 69 73 51 43 71 47 2 108 104 109 83 36
50 2 54 8 29 62 98 18 79 16 105 69 86 103 27 94 90 82 46 10 7 9 70 58 114 106 113 39 73 101 19 42 33 4 109 68 44 49 53 67 36 40 26 43 47 55 84 38 88 112 56 22 63 71 78 48 31 21 52 25 12 23 65 41 1 20 80 77 115 61 102 24 28 66 14 89 11 17 76 100 34 72 95 30 13 110 96 97 104 6 51 108 92 32 64 107 57 74 5 99 87 37 85 35 75 93 111 15 59 83 81 60 45 91 3
104 23 19 113 34 18 37 27 88 111 65 89 29 87 108 63 82 39 101 2 79 4 85 67 109 55 22 26 9 3 71 5 80 49 96 98 69 91 21 28 100 112 97 74 24 31 78 12 35 32 95 105 46 54 64 84 30 36 83 45 17 41 38 92 48 57 13 93 86 60 59 52 58 94 7 106 20 6 56 61 73 47 99 1 33 53 75 51 16 68 70 25 15 43 115 81 107 102 110 14 40 114 103 90 77 8 42 10 62 44 11 50 72 66 76
43 34 56 32 57 37 45 40 21 79 111 14 87 68 35 109 19 88 85 7 74 114 77 49 84 18 67 80 98 70 75 17 29 11 108 55 28 97 22 16 24 1 2 104 71 20 52 105 76 6 39 36 3 99 86 96 106 51 13 89 81 10 12 65 113 46 82 91 58 61 100 78 9 4 8 26 101 30 47 59 15 102 92 42 95 41 44 107 33 25 72 5 93 69 90 23 53 73 64 103 112 63 94 54 48 27 83 50 60 66 110 62 31 115 38
82 24 99 34 67 1 106 46 61 50 8 75 36 84 86 47 109 42 51 114 80 57 111 100 32 14 58 48 6 38 30 113 105 108 18 21 17 10 12 20 59 115 33 68 103 78 3 81 56 101 13 4 95 55 35 9 43 97 102 26 37 29 98 31 64 28 94 112 27 44 110 52 49 25 93 85 88 60 11 72 19 104 87 96 74 2 83 69 41 15 107 53 76 22 89 73 90 45 71 39 65 5 92 16 54 79 70 40 63 23 77 7 66 91 62
12 85 33 60 15 42 105 111 64 94 17 107 38 72 74 91 50 82 97 86 29 52 81 10 77 61 79 11 76 22 75 9 95 6 101 83 70 54 20 87 108 103 41 45 102 7 100 24 99 56 84 115 96 71 58 26 25 55 106 8 92 90 114 23 34 30 35 46 88 32 18 40 109 65 68 1 49 2 21 16 62 5 47 19 13 59 113 66 43 93 69 3 67 57 48 53 80 104 39 28 110 78 112 63 51 27 31 73 98 4 14 44 89 36 37
99 108 19 59 37 14 36 77 78 75 106 87 45 90 34 22 12 92 70 88 95 55 53 66 28 52 13 83 86 27 11 33 49 73 72 64 42 47 98 105 48 60 51 15 7 24 113 18 69 109 6 100 76 107 58 110 31 4 62 79 40 3 5 65 29 25 54 111 1 74 91 16 112 115 35 114 63 89 2 32 43 21 102 84 20 104 30 93 85 41 94 68 8 38 97 17 26 80 96 44 23 10 67 103 9 101 71 82 81 46 56 39 50 61 57
59 92 84 7 95 98 38 103 36 34 57 18 29 65 108 88 71 114 24 107 53 105 19 39 109 63 56 28 87 79 91 85 40 48 35 81 52 64 30 80 33 2 89 73 14 54 6 50 5 46 10 115 106 102 74 1 49 47 113 44 111 16 25 101 22 37 60 12 23 27 31 55 21 83 70 13 51 76 32 3 41 9 20 58 26 8 112 15 11 86 69 96 94 99 17 45 72 104 78 82 75 97 68 90 4 77 62 66 61 67 43 110 100 42 93
32 8 105 38 89 88 75 81 93 33 113 66 19 97 63 22 11 58 40 112 18 41 96 107 82 94 77 43 2 14 48 84 76 106 31 74 28 5 6 24 34 1 95 103 87 100 36 108 15 44 20 92 37 52 55 102 30 29 49 27 46 68 59 26 50 78 10 39 64 86 62 21 110 83 91 51 65 25 47 104 61 111 80 17 115 54 99 3 69 98 109 9 71 67 85 60 53 114 13 7 101 79 56 72 35 70 90 45 57 23 12 42 4 73 16
49 3 13 51 73 6 48 45 30 106 104 85 41 31 40 72 39 47 42 29 88 80 87 89 36 103 35 24 53 102 46 55 15 108 64 27 86 32 61 81 33 38 92 43 52 69 112 20 94 84 105 93 77 70 59 60 19 110 62 83 113 12 22 66 8 109 37 68 99 34 57 26 5 21 90 65 2 82 67 96 56 111 97 9 98 18 10 14 95 107 54 1 71 74 58 16 100 7 23 76 50 17 91 25 114 11 79 28 63 78 44 4 115 75 101
107 100 24 62 16 36 10 91 34 15 1 80 68 95 106 22 94 87 92 21 12 64 63 70 31 75 53 19 9 4 29 113 17 37 93 45 115 7 81 35 51 82 5 56 40 69 13 44 112 49 66 50 18 89 46 48 20 26 55 103 71 33 59 111 99 114 38 101 83 77 110 54 74 41 85 90 88 43 67 98 84 47 6 58 28 65 108 76 97 60 11 25 30 42 57 73 32 39 23 52 78 96 109 104 14 102 72 27 105 2 8 79 86 61 3
114 68 43 49 106 77 56 11 24 1 36 44 59 30 79 25 52 86 27 70 58 34 67 46 66 89 53 109 61 8 22 15 78 99 110 111 48 63 42 57 71 9 7 87 13 102 21 112 113 115 2 10 75 83 93 62 16 100 41 38 96 73 28 108 92 39 95 90 55 6 26 19 104 33 74 51 98 91 32 23 80 35 64 72 3 103 105 76 29 20 88 14 94 107 12 65 5 50 40 81 101 60 54 17 84 82 4 97 45 69 18 37 47 31 85
76 103 20 11 39 23 96 56 107 92 115 49 1 70 97 94 93 35 63 6 13 110 27 3 80 38 17 15 77 72 79 98 55 19 41 29 30 57 31 45 21 33 42 90 61 44 66 75 104 105 102 67 54 58 82 47 28 68 74 32 84 81 78 89 64 9 69 52 48 100 112 43 62 26 88 7 18 25 34 85 2 83 24 60 91 101 50 14 10 65 113 71 8 87 106 108 99 40 95 109 5 4 86 73 53 46 51 37 16 111 59 12 36 22 114
53 48 45 17 103 19 25 55 14 61 24 28 84 65 82 87 59 35 2 106 36 95 63 109 52 13 64 16 30 66 74 38 11 1 86 60 15 42 79 100 91 113 99 12 58 80 4 23 75 70 56 97 43 46 111 112 93 73 98 44 29 72 57 85 21 68 31 67 83 27 115 102 88 8 47 77 37 78 34 10 22 54 20 50 96 9 89 114 69 92 71 90 101 62 107 41 33 105 94 76 110 18 32 26 81 39 7 3 51 6 5 104 49 40 108
90 36 53 113 109 6 59 38 24 7 34 105 76 104 82 86 30 13 37 106 31 55 62 88 9 83 69 71 17 4 94 111 49 20 63 45 74 66 98 81 28 39 15 100 79 61 84 52 16 73 60 8 77 27 33 101 70 44 2 43 29 5 10 103 11 72 12 93 99 91 115 68 58 35 75 97 22 65 48 50 47 57 114 46 26 96 14 1 25 89 112 18 110 23 42 102 40 67 41 32 80 19 78 21 54 51 95 3 87 64 56 108 85 107 92
29 99 105 63 3 40 93 102 48 53 55 69 84 46 15 21 106 75 16 33 110 6 108 23 35 50 57 101 91 86 90 56 74 115 20 28 36 32 61 41 52 39 12 79 112 87 94 77 45 88 113 31 7 76 1 98 54 26 64 22 95 58 13 73 83 103 111 47 60 42 5 104 59 4 62 70 44 14 82 65 19 72 18 30 25 107 51 92 8 109 85 49 66 71 38 11 10 97 37 114 67 27 68 43 34 89 78 100 80 81 9 24 17 2 96
48 25 105 41 89 8 87 43 104 58 28 31 36 55 93 49 69 26 7 101 85 88 1 32 83 74 64 30 82 2 111 56 53 51 5 45 106 95 92 110 4 50 114 108 42 67 78 65 71 70 81 20 15 73 103 113 46 3 59 77 112 68 24 80 13 16 57 91 72 107 90 37 54 115 40 14 29 22 47 33 94 60 18 44 27 38 35 21 23 62 6 99 96 34 39 17 97 66 76 84 100 102 75 9 86 98 10 79 12 61 63 109 52 11 19
86 74 23 96 34 65 7 14 41 33 81 51 19 28 54 17 82 27 62 26 18 29 43 12 76 73 16 4 113 15 13 84 109 31 6 42 22 52 37 44 93 75 70 67 112 71 55 36 103 32 61 106 3 85 97 2 101 77 107 8 89 48 99 110 108 90 30 24 98 20 1 50 115 94 40 111 11 49 100 95 9 59 10 5 87 72 104 102 92 68 64 114 83 78 57 63 58 46 66 88 79 80 91 69 21 60 25 53 38 105 35 47 39 45 56
104 61 108 69 80 11 113 98 100 50 58 6 106 12 62 86 2 101 115 110 10 45 74 14 25 41 95 35 92 1 23 114 53 42 72 9 31 54 49 73 87 82 55 39 37 94 8 33 109 75 79 17 89 77 19 97 78 65 90 67 47 66 76 46 111 18 15 64 51 81 70 107 83 40 34 57 24 60 3 7 5 30 16 52 36 32 56 91 84 28 4 29 102 68 99 85 43 112 20 103 96 44 27 63 26 13 59 22 48 93 21 71 105 38 88
105 46 103 66 112 97 72 108 24 84 34 7 80 67 69 96 94 17 55 98 81 13 104 53 85 16 42 88 107 60 110 21 76 4 89 43 31 38 56 86 2 19 83 30 3 64 33 39 79 111 23 10 32 92 20 51 49 35 1 18 68 12 58 52 15 99 65 27 102 25 61 63 22 14 59 44 70 40 109 100 45 41 75 28 9 57 8 29 47 87 71 54 113 77 26 91 93 50 48 82 95 90 114 11 115 74 5 78 73 6 62 37 36 106 101
78 99 90 115 34 87 91 40 51 107 103 94 10 65 2 66 108 64 109 73 7 98 41 82 83 79 15 48 71 45 3 42 70 112 11 102 89 58 6 30 69 72 68 47 24 23 84 17 26 59 21 25 36 63 61 55 93 49 74 56 111 1 22 104 75 96 12 38 5 60 101 92 31 37 95 44 106 100 18 76 67 105 14 85 97 80 13 113 20 57 54 28 35 50 77 110 19 8 4 88 39 27 86 43 62 81 52 9 53 16 114 46 33 29 32
14 104 7 93 88 32 23 16 58 77 92 70 44 101 35 40 4 62 72 89 113 59 67 115 41 11 114 3 78 19 95 12 56 103 102 2 55 85 99 9 34 64 6 69 18 50 51 75 105 68 45 63 53 83 15 29 47 28 21 27 74 87 49 8 82 42 110 1 76 46 22 60 61 108 25 24 98 37 111 30 96 94 39 97 81 66 91 33 43 71 112 73 79 13 84 38 26 80 5 36 107 86 106 48 31 54 17 100 52 109 90 57 20 10 65
96 65 95 41 42 63 70 79 39 72 86 59 5 73 103 36 104 62 99 98 15 16 47 10 60 81 24 14 31 113 30 91 29 46 105 57 37 67 88 51 44 2 1 82 4 9 77 35 110 40 89 111 43 33 64 7 3 22 90 101 11 48 53 23 26 21 92 28 94 112 19 13 85 18 34 56 68 78 69 8 6 107 93 45 17 76 12 80 115 74 102 50 84 66 38 54 97 100 61 32 109 27 71 25 49 83 58 75 114 52 106 20 55 108 87
97 83 66 103 7 82 44 89 56 113 78 104 101 77 98 17 5 12 42 99 65 105 10 81 11 87 35 6 102 34 33 46 86 41 57 90 8 32 16 95 51 36 43 39 9 75 112 93 73 74 37 18 108 47 49 107 111 110 94 72 21 55 60 109 59 50 62 100 85 54 1 4 88 68 26 64 19 30 80 27 22 25 3 106 114 2 45 115 67 70 84 14 69 92 31 40 61 76 24 23 71 96 28 38 29 53 58 13 91 15 48 79 52 63 20
88 59 73 100 62 87 63 40 9 85 61 66 14 76 25 18 2 47 67 99 49 104 31 113 54 72 102 57 26 89 86 43 36 74 64 94 55 114 56 20 69 52 82 98 13 50 110 19 60 42 32 33 5 29 7 37 46 39 11 112 70 1 77 92 80 53 107 51 27 109 44 96 65 30 41 15 68 81 22 93 6 105 10 115 48 3 108 78 84 97 4 58 91 111 23 24 95 35 71 75 103 21 79 106 17 101 8 45 90 34 83 38 28 12 16
85 98 31 80 6 106 57 55 81 95 102 111 59 18 48 20 74 92 70 56 7 88 91 35 67 23 90 34 77 109 60 64 46 71 86 39 14 17 28 30 114 33 87 27 16 115 1 2 37 8 21 47 112 36 108 25 61 93 105 63 32 15 73 43 78 40 99 12 22 69 26 38 79 58 103 52 24 53 54 113 97 83 110 5 50 11 13 84 89 101 51 44 72 104 76 10 4 100 66 96 82 49 94 62 42 107 65 29 41 45 68 3 75 9 19
30 48 72 6 60 57 52 50 79 61 90 114 14 111 25 83 40 99 66 97 33 8 7 64 94 71 16 35 1 3 84 23 58 98 67 91 28 42 68 69 45 102 59 39 62 110 101 88 38 19 92 108 75 5 106 112 34 47 41 104 9 115 15 74 13 37 18 100 96 49 80 65 31 63 29 85 93 32 77 11 27 89 81 24 4 109 53 78 107 70 17 105 43 20 26 87 113 21 10 46 12 56 22 95 82 36 2 76 54 51 44 73 86 103 55
26 115 33 61 13 101 46 111 42 36 57 73 98 9 71 37 86 81 31 83 113 84 21 96 70 23 55 69 103 19 44 27 40 29 59 28 63 18 104 53 76 99 68 1 107 52 8 12 58 38 92 74 94 20 114 48 64 100 5 93 89 67 90 112 49 43 87 102 80 17 106 75 50 4 35 77 51 32 108 78 91 34 62 41 30 7 97 82 95 65 54 39 10 110 79 105 15 109 11 3 16 2 47 66 60 72 14 22 85 24 25 88 6 45 56
91 115 22 58 38 39 15 25 108 105 19 59 60 26 50 41 95 62 111 110 85 81 10 42 104 75 80 106 69 73 55 70 61 93 11 78 88 63 86 65 56 99 92 77 47 28 31 20 94 53 32 12 84 107 23 98 27 103 44 113 79 112 64 109 72 114 46 67 7 40 102 24 37 33 100 16 29 1 89 4 57 35 43 71 36 49 8 34 9 87 82 52 51 97 54 45 30 48 68 21 101 13 66 14 83 17 5 90 6 96 76 3 2 18 74
22 4 1 100 63 33 94 15 25 81 110 96 9 18 28 103 75 14 50 3 86 80 60 84 69 53 11 71 102 73 12 91 45 85 79 112 27 58 111 65 51 101 108 13 56 17 32 105 39 29 67 47 62 64 66 43 55 92 54 107 6 109 88 82 5 77 31 20 98 21 57 106 16 36 104 7 68 78 95 70 114 42 76 46 19 89 34 93 2 38 83 10 113 30 87 41 40 74 115 59 52 90 23 26 61 35 97 44 48 24 49 37 72 8 99
64 23 104 11 73 33 87 89 88 44 83 109 30 3 110 42 54 22 28 18 92 111 68 90 75 41 20 47 14 55 32 95 102 51 52 94 63 2 108 57 9 4 82 81 36 60 17 29 24 34 77 101 106 97 76 31 13 16 71 65 45 98 67 35 66 93 62 59 15 112 10 56 48 8 21 86 74 26 78 107 53 38 80 70 100 105 27 40 114 99 37 12 79 19 25 50 49 46 96 85 115 58 91 61 72 1 39 7 113 84 43 6 69 5 103
115 38 91 81 3 101 49 69 73 23 39 63 6 78 27 62 25 11 34 114 86 92 74 37 108 7 21 85 57 18 106 5 58 4 15 66 105 82 56 17 68 72 43 97 83 100 54 44 8 70 35 77 30 53 48 20 52 103 102 47 40 84 80 9 94 22 67 93 2 64 31 87 112 14 95 110 104 10 65 75 99 19 59 60 29 109 50 45 90 71 88 41 89 28 13 1 79 55 26 61 111 42 32 33 12 36 96 98 24 46 16 113 51 107 76
107 20 78 2 85 60 25 115 108 74 28 68 84 64 97 81 39 15 104 71 26 49 17 62 110 63 43 53 96 33 4 73 44 102 95 109 48 94 24 56 59 19 30 106 98 86 47 11 14 21 57 36 55 75 52 8 88 9 6 32 93 37 67 89 83 87 16 5 72 34 38 12 90 100 112 91 103 76 70 101 61 1 27 35 105 29 66 80 79 10 46 69 51 23 22 45 40 50 65 13 54 18 77 99 114 41 82 58 31 111 92 42 113 3 7
10 14 75 44 87 20 78 25 1 70 95 9 90 8 94 31 93 58 62 81 96 66 103 109 64 28 22 108 65 34 52 99 86 43 89 97 5 83 2 60 112 23 98 74 35 24 38 105 68 36 47 29 67 55 59 57 114 110 37 48 7 40 63 82 19 73 106 18 53 84 13 100 16 79 15 54 88 30 102 85 33 51 76 39 27 101 72 111 77 56 21 45 26 12 46 49 69 107 3 113 41 42 104 91 115 11 71 92 50 17 80 6 32 61 4
76 74 5 93 19 68 39 34 41 9 91 56 98 105 58 46 23 62 22 61 26 17 21 8 63 67 112 29 71 30 86 43 36 40 53 55 80 20 94 54 104 13 83 78 95 27 84 52 111 99 6 4 47 69 89 38 115 1 24 65 81 7 109 90 44 18 49 28 102 50 101 106 60 100 88 32 82 103 15 25 107 110 31 14 57 10 114 72 16 2 79 77 75 73 48 92 97 85 51 3 108 66 59 12 33 64 96 35 87 11 45 37 70 42 113
45 32 80 38 110 21 87 53 72 61 85 55 62 89 25 115 106 63 24 77 75 5 35 67 59 12 51 20 44 90 93 26 6 107 81 68 39 8 13 97 82 2 23 76 41 3 18 28 78 112 9 43 16 95 64 69 91 17 70 58 33 73 54 11 19 71 103 36 74 102 92 14 37 99 60 7 15 57 66 29 101 1 31 84 65 83 79 98 42 52 94 10 49 22 100 40 113 47 105 4 104 30 108 48 114 88 96 50 27 86 56 34 109 46 111
105 96 37 86 62 4 1 95 98 35 29 57 7 93 51 68 92 107 64 52 15 39 89 104 82 46 24 32 99 9 71 38 14 5 30 61 3 65 75 20 8 88 69 25 59 49 114 103 47 17 22 74 72 44 34 19 85 13 56 2 87 67 16 33 45 79 109 27 113 111 66 76 6 70 18 36 115 21 102 54 48 41 40 101 50 73 26 112 90 23 63 28 10 91 31 78 43 55 60 11 108 110 100 83 12 81 42 97 77 94 84 106 53 80 58
2 12 54 1 111 4 40 51 19 72 18 5 15 104 46 93 45 74 34 30 88 59 11 80 89 115 109 49 114 13 36 61 87 70 60 6 20 97 48 24 84 25 29 81 98 33 73 32 83 31 66 10 76 35 52 71 105 41 78 92 16 17 108 79 64 22 86 102 47 7 27 113 26 39 58 90 101 94 65 55 8 63 82 96 56 106 103 57 50 9 100 53 14 28 3 67 68 21 107 62 44 110 69 42 75 112 23 85 37 38 77 91 43 99 95
29 75 28 15 51 113 105 52 40 25 11 49 35 31 6 26 65 22 101 36 48 4 20 82 32 106 77 67 66 100 24 56 7 46 37 5 70 91 85 34 23 73 16 98 104 83 58 30 110 21 84 59 114 19 99 81 10 76 60 93 109 44 39 111 72 43 112 9 61 94 42 64 102 57 45 3 107 8 96 33 108 13 47 92 88 1 103 63 86 54 12 90 87 78 71 2 53 55 79 74 97 18 62 14 27 95 17 80 41 115 68 50 38 69 89
110 112 60 34 48 102 111 84 4 81 78 57 17 5 82 43 44 24 62 15 76 105 85 51 1 79 66 68 69 113 12 52 99 100 46 19 65 53 37 42 63 75 93 14 16 23 87 3 28 109 21 9 27 92 56 72 61 94 32 50 13 10 6 38 115 77 73 33 74 49 71 8 91 97 90 36 101 39 67 95 26 83 88 107 41 18 20 104 108 98 54 25 80 70 114 89 35 58 55 31 7 29 40 30 96 86 64 106 22 45 2 11 59 103 47
99 8 100 26 53 101 18 41 27 66 65 37 16 82 17 113 25 76 20 42 114 39 51 67 23 29 72 47 112 81 32 55 96 108 10 93 43 7 75 24 110 14 50 71 60 58 92 74 102 95 38 59 22 103 34 85 45 77 91 87 89 46 64 61 44 73 97 2 35 33 94 48 70 15 31 28 56 78 12 68 40 11 86 57 83 111 105 79 1 62 6 107 69 52 98 19 88 4 9 115 106 109 49 13 90 80 84 54 104 36 30 21 5 3 63
9 3 65 83 88 23 62 43 54 113 57 44 115 66 85 27 17 35 82 36 31 25 91 30 87 56 7 19 28 105 112 98 12 60 110 1 33 64 69 102 70 79 80 40 5 13 48 34 39 32 81 109 46 20 76 108 63 111 49 61 94 89 84 8 90 41 106 24 72 59 37 18 67 21 73 92 100 53 58 4 45 29 16 101 10 93 74 104 75 96 86 97 103 14 71 107 2 11 77 6 42 52 38 26 68 78 15 55 47 51 114 50 99 22 95
45 96 51 63 29 106 35 7 17 47 5 69 20 81 85 11 59 101 93 74 22 1 6 95 53 71 92 16 39 104 87 10 41 23 18 50 90 70 79 89 28 2 68 49 97 108 100 57 40 84 8 98 26 24 58 43 77 115 78 83 73 60 3 38 80 105 67 33 42 102 64 19 56 25 9 113 91 27 61 75 103 72 30 21 48 112 62 99 88 32 65 82 55 36 15 44 37 111 54 66 76 110 52 86 34 12 109 14 4 114 94 31 107 46 13
28 29 65 86 88 1 85 56 79 45 3 104 17 78 103 15 50 16 73 76 34 44 92 8 70 59 14 61 48 81 40 109 108 52 115 84 99 54 12 68 42 80 53 37 60 111 57 102 21 93 22 113 38 43 26 62 64 10 96 35 2 83 36 13 41 19 24 46 114 25 98 112 39 94 105 55 72 31 49 100 97 33 7 77 90 69 63 47 30 51 18 20 23 89 91 32 87 66 11 9 106 75 101 71 82 95 27 4 5 67 58 74 6 110 107
9 57 14 59 40 83 107 104 29 56 91 34 94 100 81 95 28 26 1 103 84 51 37 86 10 32 49 85 6 97 7 39 19 42 15 115 74 33 54 89 113 35 65 47 114 2 92 46 79 102 105 21 22 98 58 111 99 45 62 69 25 77 4 13 68 82 53 11 24 76 112 110 12 108 16 23 44 75 67 18 66 96 90 55 61 20 70 109 88 5 52 8 3 72 31 71 87 41 48 64 63 38 43 78 73 93 80 101 27 30 60 17 50 36 106
35 29 87 100 105 11 43 98 77 54 28 84 40 114 34 71 111 14 7 16 73 57 10 64 115 103 51 37 55 3 69 89 21 86 45 91 6 2 30 5 95 44 70 107 94 17 75 97 92 110 56 101 106 8 93 52 15 39 68 38 102 46 65 78 18 74 59 90 76 26 13 85 20 67 19 88 27 9 82 41 72 104 81 12 4 25 108 113 109 53 99 32 58 96 60 31 36 63 22 48 24 33 62 112 49 42 80 23 47 79 83 1 50 61 66
26 8 11 35 93 81 30 76 88 27 109 113 47 85 3 57 10 46 71 59 29 24 89 105 92 18 97 58 96 91 79 104 16 40 17 55 31 100 33 49 50 19 25 101 48 43 73 99 86 45 69 38 13 53 56 84 80 9 98 65 82 51 1 22 64 68 83 108 28 87 36 12 32 60 34 94 52 5 67 70 95 106 7 78 62 23 72 21 42 112 90 41 54 20 15 66 110 6 74 4 102 103 2 114 107 61 115 77 44 37 111 75 14 63 39
53 92 28 48 114 31 41 111 107 44 13 87 79 35 113 3 43 103 94 80 102 24 85 105 7 40 55 22 91 20 8 70 86 51 58 100 29 65 109 14 67 27 98 84 16 83 38 11 81 63 62 46 66 90 76 1 30 45 72 36 61 25 12 18 37 15 19 2 68 42 97 73 6 34 21 47 69 54 49 26 89 50 17 112 5 96 57 39 10 4 9 52 110 23 60 74 93 82 99 77 71 95 32 75 115 56 88 78 59 101 33 106 64 108 104
94 23 75 17 49 95 78 14 109 79 53 102 6 36 35 71 60 45 104 80 86 83 34 13 33 52 50 69 108 64 112 11 39 29 66 4 98 59 25 3 56 62 31 73 48 92 91 47 42 77 74 100 16 43 111 2 20 15 9 89 55 51 24 81 44 57 82 106 46 28 7 88 107 68 30 8 37 110 38 93 97 76 26 113 1 5 19 54 84 105 72 85 40 115 70 65 99 96 103 32 41 67 90 63 10 101 114 61 21 18 27 58 12 87 22
60 114 16 17 79 26 43 41 9 106 37 103 80 6 85 94 96 4 75 101 50 81 98 36 115 28 20 15 2 66 83 57 25 100 3 74 48 5 82 27 64 23 19 54 58 39 1 113 59 107 49 99 45 56 7 102 77 34 93 97 40 44 14 30 105 13 88 11 91 65 38 108 109 24 42 32 53 8 46 21 33 70 29 110 68 92 76 84 31 52 72 69 12 73 47 51 90 89 63 95 87 35 18 22 61 62 86 112 71 67 55 111 78 104 10
113 77 98 23 110 53 85 63 112 69 75 32 48 33 29 6 11 74 76 41 114 15 101 72 14 38 39 86 73 22 79 91 3 17 50 12 60 80 105 40 52 84 82 68 36 102 13 9 28 104 92 64 55 100 65 35 21 70 37 26 34 27 115 61 45 20 106 1 57 78 30 94 7 51 25 8 43 56 71 10 103 95 99 108 47 31 111 49 18 42 2 107 24 4 87 88 97 16 62 46 81 66 89 59 109 44 54 58 5 93 96 67 83 90 19
35 6 1 101 90 15 2 81 45 7 36 57 115 108 43 102 61 31 41 69 95 20 21 32 14 110 62 26 55 56 66 5 67 111 70 29 65 4 53 28 106 13 27 39 16 52 83 44 100 94 23 25 79 77 74 11 42 34 48 60 33 93 99 49 12 91 105 89 22 37 88 112 58 19 8 84 47 71 72 40 54 59 24 10 17 80 114 38 109 87 103 86 68 98 85 3 9 18 104 51 75 96 113 63 76 30 64 73 46 82 50 97 92 78 107
13 34 39 101 48 28 27 85 1 16 110 62 41 18 61 15 83 104 9 98 26 84 95 37 52 94 29 20 36 114 53 77 78 55 24 50 7 66 105 111 22 97 80 86 2 82 43 99 91 54 51 74 68 73 89 58 75 88 67 59 47 32 81 3 72 31 23 87 35 38 4 33 21 5 65 71 92 112 115 102 96 107 79 25 108 106 44 103 14 42 70 46 60 56 11 19 100 8 30 64 93 12 69 113 40 76 49 109 63 57 10 45 90 17 6
58 6 59 82 1 32 102 93 31 46 17 55 77 26 10 45 67 113 90 92 95 53 11 76 3 40 86 36 44 23 88 78 60 103 73 112 2 109 9 91 27 7 62 8 68 69 104 37 85 5 54 56 100 51 19 72 24 22 28 114 64 21 84 33 80 99 106 30 111 43 39 12 52 47 29 98 42 41 13 97 74 49 101 83 105 110 25 66 79 75 107 70 35 71 96 18 50 20 94 14 16 15 108 81 63 48 34 115 38 61 4 89 87 65 57
6 73 61 26 115 9 100 106 40 93 54 103 105 59 102 71 97 80 23 3 21 99 53 104 12 90 66 30 37 87 78 58 14 19 60 44 13 111 92 65 75 46 56 27 85 110 25 15 1 43 38 86 89 101 2 68 17 35 52 114 28 55 72 63 5 91 67 34 74 33 69 31 42 57 49 16 51 48 62 94 108 83 50 76 32 113 4 112 47 64 41 96 45 36 107 70 20 77 18 8 79 39 24 29 22 98 88 10 7 11 109 95 81 84 82
64 97 42 110 31 21 94 18 63 17 96 92 70 8 39 41 90 30 19 14 36 29 52 108 76 1 3 54 48 77 28 86 115 68 60 38 105 46 103 15 16 93 35 67 99 78 10 32 82 43 102 34 9 23 24 69 2 101 85 104 81 114 98 5 112 13 79 87 113 89 55 74 44 7 49 40 62 25 75 61 83 106 33 66 45 109 65 56 51 11 111 95 73 59 100 4 6 53 72 80 20 91 26 37 47 88 27 71 57 107 22 50 58 84 12
